energy epsilon1 epsilon2
0.1 5.438550452281907 6.0831772322361
0.11 2.845747935895025 3.6943399808197
0.12 2.5313166228335935 1.8012359914025
0.13 2.734441947657769 1.6591962654088
0.14 2.811402825647762 1.3728088635734
0.15 2.8346726984134563 1.455080896998
0.16 2.776673899027411 1.347259829183
0.17 2.7088098314299955 1.3352128110545
0.18 2.6224526178603442 1.2124900121544
0.19 2.648265436332983 0.97618799732508
0.2 2.6513142512399837 1.0998531547814
0.21 2.6298940217214333 0.91273465921391
0.22 2.6644619695466565 0.91976698195859
0.23 2.6730857636681136 0.9039996301208
0.24 2.6806137686357387 0.91836048693669
0.25 2.6169777371599126 1.0322246812291
0.26 2.547089991440556 0.92269165970636
0.27 2.482042107846288 0.96863840183686
0.28 2.434941015766879 0.80231924164565
0.29 2.44726009871126 0.76860794693954
0.3 2.4580548314429986 0.7331637010301
0.31 2.41668424327592 0.80656568851344
0.32 2.3929535752212083 0.65153528065739
0.33 2.402244777613575 0.69503669607929
0.34 2.340705060631426 0.70939649649861
0.35 2.3363381966638332 0.52791501245425
0.36 2.364401367998177 0.58043159065239
0.37 2.349031264787352 0.55371503630494
0.38 2.334590835019521 0.54567365214492
0.39 2.2995144040163504 0.54274008645672
0.4 2.258258919426297 0.48561030458895
0.41 2.2493544409227733 0.3876468049581
0.42 2.288612649088064 0.30333998580481
0.43 2.310398555927719 0.34025208359025
0.44 2.3209802935313766 0.27201706986469
0.45 2.325380891975423 0.30342547482699
0.46 2.326949080142533 0.22418673644067
0.47 2.348325023951184 0.21297311943691
0.48 2.3731052279712914 0.16634469461398
0.49 2.4029600499427977 0.16693455611532
0.5 2.424327493450577 0.15664317770174
0.51 2.443415518423396 0.15701706081351
0.52 2.4584509149956455 0.15512198308444
0.53 2.4705132819995246 0.1580321677765
0.54 2.473595338573369 0.16598715489234
0.55 2.477814849129088 0.14798136033108
0.56 2.4890516555640008 0.14293428798348
0.57 2.498517647943037 0.14133121374602
0.58 2.5058616375363423 0.13962121003804
0.59 2.516190664017506 0.13153947152259
0.6 2.526275173446998 0.13904934164234
0.61 2.530007044525103 0.14526862147882
0.62 2.530111562999832 0.14863365555912
0.63 2.531427960031278 0.14522578951228
0.64 2.5261774095774214 0.1580772329553
0.65 2.5224087260575714 0.13595544920882
0.66 2.529757912929828 0.13033155207899
0.67 2.5296232567830037 0.14115589799663
0.68 2.529697239080276 0.12597415585481
0.69 2.522572053241035 0.1458169913937
0.7 2.514425262513278 0.11280299011058
0.71 2.5189479090157687 0.10197701757232
0.72 2.5289472697267077 0.080791566034045
0.73 2.5400010298998668 0.083888866145094
0.74 2.547739672906847 0.076116700160529
0.75 2.5549299493441646 0.078020658214265
0.76 2.561914125996534 0.071646094870714
0.77 2.566415283032353 0.078368412856016
0.78 2.571995639459366 0.066770596407082
0.79 2.5783136707075784 0.075337542713131
0.8 2.579147858252754 0.074901591918686
0.81 2.580328608445187 0.071971963618822
0.82 2.5862301266097765 0.062634287349707
0.83 2.591974508803261 0.069696595567637
0.84 2.591534146327792 0.071661081761211
0.85 2.5957452015513423 0.060459575232615
0.86 2.598180369496527 0.072692010185143
0.87 2.5972062077282954 0.064114879684956
0.88 2.5993393321520646 0.063909329285606
0.89 2.5993647421705868 0.061878032859831
0.9 2.602851211651185 0.051656140148682
0.91 2.607545545402003 0.053619810656622
0.92 2.611058985233075 0.049161033194945
0.93 2.6142344340584955 0.050854695288219
0.94 2.6161680456327434 0.047780143171566
0.95 2.619393164231325 0.044962833865295
0.96 2.6223503857722643 0.044451590095485
0.97 2.6240898879839123 0.043062607635471
0.98 2.627474910231557 0.037399364025719
0.99 2.6308434607193614 0.038744764222497
1.0 2.633296340802347 0.034821205459087
1.01 2.6362089430033815 0.033385992309868
1.02 2.64078215233155 0.027387526744125
1.03 2.645377453414875 0.029693553438868
1.04 2.6479504594030283 0.027856404694409
1.05 2.6516197780983943 0.024867473254601
1.06 2.6555998043707 0.0241295253481
1.07 2.6595248191678493 0.022308241842189
1.08 2.662708373798177 0.022940961163488
1.09 2.666532048867622 0.018889031775155
1.1 2.6702981821650655 0.02080983214455
1.11 2.673311721124711 0.018063231950626
1.12 2.676525142980649 0.018064547516069
1.13 2.6800800656347303 0.014570600349628
1.14 2.684831513849483 0.013320615565764
1.15 2.688834002760075 0.013567670069741
1.16 2.6930852545935644 0.011165839301803
1.17 2.697839427423098 0.011420039736252
1.18 2.701847399027341 0.011657511395274
1.19 2.705932183389002 0.010967640868032
1.2 2.7099556541625183 0.011672820476018
1.21 2.7132298602149434 0.012194031202013
1.22 2.7167786499633766 0.010974144467915
1.23 2.720812408002272 0.010991230950974
1.24 2.7249667944870155 0.010756302754896
1.25 2.728622698207333 0.012265663470139
1.26 2.7321562871344507 0.011658338733824
1.27 2.7354982012891442 0.013287129658853
1.28 2.738516068716851 0.01275823033503
1.29 2.7415442260401095 0.013448825217805
1.3 2.744836008146475 0.012003401746791
1.31 2.7494444880532574 0.011056600454801
1.32 2.75399320434751 0.012825072223052
1.33 2.7577592345802246 0.014310740849535
1.34 2.760480508217621 0.017015127709762
1.35 2.7625580942834884 0.017467859962677
1.36 2.764417355672766 0.018449633208884
1.37 2.766799342998469 0.016564949591128
1.38 2.770285652493708 0.016051043908028
1.39 2.77397391645352 0.015873526443125
1.4 2.778127277524915 0.015737968631113
1.41 2.7817419023113144 0.018138576069962
1.42 2.784103127583404 0.019547800781801
1.43 2.786700863886461 0.01910668838908
1.44 2.7892950703247803 0.020275789613312
1.45 2.7922012811498895 0.018967441659904
1.46 2.795669921831499 0.01971218953557
1.47 2.7989523130063327 0.019928058885127
1.48 2.8027995887266246 0.020093704990305
1.49 2.8058098957538693 0.02337045803733
1.5 2.8073923792425086 0.024645176079133
1.51 2.8090662994101376 0.024533418193707
1.52 2.8114360569853982 0.023827681965863
1.53 2.814522658943061 0.023606400252827
1.54 2.816906337767672 0.025671850985734
1.55 2.818213681076259 0.025915585499702
1.56 2.8200148255609534 0.024452412970877
1.57 2.822537189973057 0.023527012189585
1.58 2.8247552680557106 0.023293161502487
1.59 2.828216779289306 0.01966785972875
1.6 2.8322950315545197 0.020968806051558
1.61 2.8352158982868363 0.021089014629052
1.62 2.838221926512906 0.020726971890182
1.63 2.840196823110179 0.022240719350112
1.64 2.8425556265867753 0.018700374343167
1.65 2.846070203623156 0.018268937442837
1.66 2.8495187423401878 0.016813068520049
1.67 2.8526226967953083 0.016917164571733
1.68 2.856564467287331 0.01344431899215
1.69 2.8604300750636003 0.015131881958637
1.7 2.864019898862025 0.012057455142358
1.71 2.868783063226913 0.011516953246689
1.72 2.872917652092632 0.011861754456843
1.73 2.8764055761656273 0.011564120795876
1.74 2.880288868699072 0.0097687358789264
1.75 2.8846634137895344 0.008992961408841
1.76 2.8891084106291056 0.0079481092213807
1.77 2.8935586784724943 0.0073447061901096
1.78 2.898490483061051 0.0055688922437229
1.79 2.903786808929646 0.0054763146330741
1.8 2.908940526731418 0.005110065287881
1.81 2.913757246570273 0.0057441560317657
1.82 2.9184843381291157 0.0050251709238312
1.83 2.923517616710964 0.004990871460254
1.84 2.928514756583443 0.0049755834428929
1.85 2.933304735678687 0.0053629611750754
1.86 2.938219502823936 0.0048250124130835
1.87 2.9431074198110045 0.0054537508580964
1.88 2.9479414838394717 0.0049553838746138
1.89 2.9529162724091487 0.0052417278462916
1.9 2.9577067493844504 0.0052028358905344
1.91 2.962639518373462 0.0048086116426423
1.92 2.9677556090938157 0.0045459698904976
1.93 2.972907028254487 0.0042984591499761
1.94 2.97831836707921 0.0036004071837946
1.95 2.9840285541065015 0.0033496093182286
1.96 2.9896639786331995 0.0034231011506701
1.97 2.995361506232289 0.0030304622213392
1.98 3.0012300104970566 0.0029038045215075
1.99 3.007293221040067 0.0024871386900657
2.0 3.0136036040183187 0.0023876086619522
2.01 3.0200006743149594 0.0024026902601115
2.02 3.0266113604398197 0.0022793061758879
2.03 3.033565877578359 0.002369902697409
2.04 3.040511068118098 0.0032312560212203
2.05 3.047541611715304 0.0035688400104419
2.06 3.054868189696517 0.0045212114502161
2.07 3.0622897069396333 0.005843359004141
2.08 3.069563435838935 0.0080153737524625
2.09 3.077275359291916 0.0097735983179895
2.1 3.0811636582858126 0.019531890544233
2.11 3.082578024008324 0.016490853814917
2.12 3.0904495912036007 0.0084356141005702
2.13 3.098255683109933 0.015738494364924
2.14 3.1054323461090054 0.010019331675187
2.15 3.1146577814552914 0.013843803876749
2.16 3.123788444665845 0.013554026949169
2.17 3.1290247301775898 0.024635133426711
2.18 3.1369011476171362 0.013470158522041
2.19 3.1438084074950634 0.030439144668981
2.2 3.146135852047898 0.024015510657198
2.21 3.152211807805636 0.023567222724973
2.22 3.1637907574828468 0.012448874685909
2.23 3.178497317713151 0.020216298844751
2.24 3.183256794891937 0.034450157959977
2.25 3.1877161269362175 0.024343405480301
2.26 3.1996941070679608 0.021906594306307
2.27 3.212292372966926 0.023951459008742
2.28 3.224105653869146 0.026732872480562
2.29 3.2378419369500553 0.026596992033581
2.3 3.2525968796490177 0.03435784269859
2.31 3.262080193835391 0.047581815344527
2.32 3.2703138706053454 0.048320358519586
2.33 3.2843068533734594 0.04922682617175
2.34 3.298586124349561 0.062365523030637
2.35 3.3031466244427845 0.081700937499495
2.36 3.314271002203052 0.066423055067957
2.37 3.335001665394388 0.08468060494468
2.38 3.335161938189015 0.12495202055154
2.39 3.3307103310201662 0.11152753727321
2.4 3.351911016423567 0.096119278696446
2.41 3.363529267377867 0.14641544760703
2.42 3.3669304212884907 0.13623561988058
2.43 3.3778905128828076 0.16254415339428
2.44 3.3771520122878407 0.1855713803947
2.45 3.3706820339788703 0.19907035495232
2.46 3.3783678299510673 0.18622722985791
2.47 3.3740172586710866 0.24440015654968
2.48 3.35128496915943 0.23434353680116
2.49 3.3657165613249895 0.19253242286094
2.5 3.3730490250257366 0.26230398662343
2.51 3.3426696217086134 0.27433537657174
2.52 3.332193435862816 0.23210254903923
2.53 3.3399573008084698 0.23341151600184
2.54 3.3460449634427385 0.22920176746584
2.55 3.356287639971211 0.23332076687805
2.56 3.3375359301709002 0.28502393185844
2.57 3.315891547515368 0.22765056593481
2.58 3.3390036128488516 0.18392685601206
2.59 3.3683059818348164 0.20137716626097
2.6 3.368977964339832 0.23398152124846
2.61 3.3725990039004037 0.20124600160337
2.62 3.3753190033372187 0.23048621708821
2.63 3.383518888356486 0.17956845016575
2.64 3.4147578435732235 0.18201819282776
2.65 3.436370520992329 0.19723605882672
2.66 3.452228289931484 0.2048742472581
2.67 3.4711066043434133 0.20996682337489
2.68 3.487566084154711 0.23147484436271
2.69 3.4968131540844 0.24833038844233
2.7 3.504888197093697 0.25921792620426
2.71 3.51865750296398 0.26481927334749
2.72 3.5293628217735384 0.29490395851477
2.73 3.524254840917525 0.32162007512385
2.74 3.527215117515467 0.30463279505001
2.75 3.553049392137093 0.30901129211777
2.76 3.5702382997489033 0.36672135046045
2.77 3.5272044014195547 0.4625776639098
2.78 3.4887885311634026 0.38299954878846
2.79 3.491370021364381 0.38461004861853
2.8 3.4954135913685698 0.36320872207379
2.81 3.514405524692528 0.35500586474361
2.82 3.5190737611958243 0.39246276567281
2.83 3.516896371017788 0.37450147130774
2.84 3.526509819680568 0.37626308602781
2.85 3.542810722327 0.36936051744315
2.86 3.545812306621979 0.40894119614274
2.87 3.5555642149407767 0.36861506401108
2.88 3.5921014307145476 0.38676004765531
2.89 3.577151276712196 0.48746071423721
2.9 3.562569310918411 0.41245787442181
2.91 3.577490377351338 0.44876087340749
2.92 3.5775124011091646 0.44392491866705
2.93 3.5980710924268053 0.42832012844342
2.94 3.6166286720102576 0.47023990127181
2.95 3.6322018564518954 0.47557514188644
2.96 3.6182095947426656 0.56875383268054
2.97 3.59737449343397 0.52590891099907
2.98 3.605664147500252 0.55136044440677
2.99 3.5657821673485155 0.62493252484228
3.0 3.5633761410128146 0.49586005124951
3.01 3.581811516526392 0.59388242986118
3.02 3.564077867092738 0.57089182199595
3.03 3.5515682584621335 0.59819862168925
3.04 3.5472109963296 0.55800631378265
3.05 3.5529417699456283 0.58326035449325
3.06 3.5318757629147357 0.5998133014436
3.07 3.5469895918779235 0.51632761572337
3.08 3.5790128471881837 0.57826506393676
3.09 3.559497165597013 0.62769363823223
3.1 3.540442157385705 0.59952942390139
3.11 3.542222900781926 0.60267142627585
3.12 3.515327099648136 0.64985576427363
3.13 3.4848790146102555 0.59243229446359
3.14 3.502463440063404 0.53757026293852
3.15 3.5125016550908583 0.57784595207469
3.16 3.5014293177707856 0.55274684870374
3.17 3.5105083832376436 0.51703923436187
3.18 3.5339531513416884 0.49926815119963
3.19 3.5589072930941383 0.49838181668323
3.2 3.569485681497105 0.51751132812512
3.21 3.582349846494754 0.48979154737821
3.22 3.6081183059557556 0.49226530343752
3.23 3.6222213393967677 0.50923431733269
3.24 3.644691457671207 0.48277811211702
3.25 3.677719270873731 0.5044395092495
3.26 3.6960926060812365 0.53394915005722
3.27 3.7077769882950635 0.55324236370302
3.28 3.698578048736811 0.60154579999347
3.29 3.6901517750840553 0.56755343195622
3.3 3.7122681823670605 0.55487850950838
3.31 3.7222312525390717 0.59249616484135
3.32 3.734694540415572 0.55928871627407
3.33 3.7651460449599394 0.57461812660778
3.34 3.7941825424634676 0.58840811388904
3.35 3.8095770738942765 0.64174935423903
3.36 3.8043820183254966 0.66868581647372
3.37 3.8133750041295134 0.65661990196362
3.38 3.841061552410803 0.68237735090546
3.39 3.8332967248876475 0.77667821804102
3.4 3.7792838221407794 0.80568269782122
3.41 3.777061445002562 0.70145658437097
3.42 3.8204825430200375 0.73985047169507
3.43 3.8043134327187547 0.83677947876558
3.44 3.7638465596679977 0.81389454904216
3.45 3.7499124145830667 0.79143133372008
3.46 3.770280768020498 0.74159553663055
3.47 3.784180710510044 0.79826004656897
3.48 3.794041525508259 0.75968536858265
3.49 3.798559133016503 0.82111194884496
3.5 3.8219515108360125 0.74933454765065
3.51 3.8281929316384513 0.88160576826377
3.52 3.8068873903982166 0.82544976171989
3.53 3.816085592963235 0.84875802474054
3.54 3.8285263585827627 0.83391642389906
3.55 3.8462896082339713 0.86926688157407
3.56 3.844707221082207 0.90859747422455
3.57 3.818169976044257 0.94865256958642
3.58 3.80777877648028 0.90016530260265
3.59 3.816847800320336 0.9234537543244
3.6 3.815007166479611 0.92545114312972
3.61 3.8382510311447913 0.89773925007784
3.62 3.8580717165023826 0.96297946467565
3.63 3.8609391628981404 0.97814575071023
3.64 3.8601768820304847 1.0352707479797
3.65 3.818386485091727 1.108336929575
3.66 3.77260266154336 1.0787975381197
3.67 3.7619998175718594 1.0612611478667
3.68 3.7445009432085716 1.0955541138806
3.69 3.716476974577527 1.083012393001
3.7 3.703990444976911 1.0679672597405
3.71 3.682364477878151 1.0911765467851
3.72 3.645227944409191 1.0726523700682
3.73 3.645040821211099 0.99100358601819
3.74 3.675643237907788 0.9913429971513
3.75 3.6532311797493824 1.0648541626498
3.76 3.6470864888563144 0.94980651605302
3.77 3.6664074107852462 1.005475167887
3.78 3.6321419897115104 1.0183790661907
3.79 3.6350422908538644 0.9097744341443
3.8 3.6721429687276346 0.92318486068369
3.81 3.691089662758934 0.92633086766406
3.82 3.6861245665601214 0.96553181150339
3.83 3.669630702386207 0.93545878927739
3.84 3.676187574195989 0.89689343511317
3.85 3.698930461468097 0.87106970507796
3.86 3.727345513993493 0.86014704330707
3.87 3.7521425516112124 0.86214838647389
3.88 3.790106627841688 0.83953475936128
3.89 3.808180173982543 0.91121608351784
3.9 3.8158184603220233 0.88088634323907
3.91 3.8172548022034687 0.9394433499052
3.92 3.8127393709213986 0.8945720196631
3.93 3.833215058608374 0.89338702920904
3.94 3.835768349674632 0.91235243469708
3.95 3.867122960106165 0.8333494270426
3.96 3.9242366128997035 0.87452990844409
3.97 3.9412401324926023 0.93412524780666
3.98 3.9358819124343634 0.95323250692205
3.99 3.9459304024960162 0.93575892832956
4.0 3.9718790080269564 0.95348327802033
4.01 3.9625439182094824 1.0251691728077
4.02 3.9529158874681736 0.97380098306679
4.03 3.9801702990666628 0.97357304533375
4.04 3.991324016879697 1.0175381900351
4.05 3.988193079973994 1.0230414086914
4.06 3.9692518759338737 1.0529019283793
4.07 3.980743777480843 0.96031977327893
4.08 4.017339483637935 0.99651777537824
4.09 4.033181118292158 0.99000335768222
4.1 4.077828267490977 0.95760877692939
4.11 4.128162631265787 1.0134755699211
4.12 4.121935341484708 1.1024575305167
4.13 4.119485800802688 1.0465120134506
4.14 4.145049805753218 1.0726756089942
4.15 4.186940131563725 1.0379621516569
4.16 4.252314721124708 1.0846772265421
4.17 4.270810320154093 1.1988969043821
4.18 4.302235844772477 1.1738679060411
4.19 4.2995314033088 1.379332266757
4.2 4.257058606117271 1.3622708610044
4.21 4.223742405238392 1.4654711555393
4.22 4.160229964164304 1.479069528353
4.23 4.134509375892026 1.4448023171163
4.24 4.1022489859034925 1.5159111641048
4.25 4.0598836652356045 1.4803548943127
4.26 4.023231186406664 1.507309688875
4.27 3.9948841975305838 1.4489804158577
4.28 3.9632618241339586 1.4738337678876
4.29 3.972597941525921 1.3269949049543
4.3 4.0296900249394865 1.3585705383328
4.31 4.054049355765802 1.3897957954607
4.32 4.0486753895749334 1.4459879529519
4.33 4.0408730021715735 1.4301646798355
4.34 4.042130878419703 1.4638986997555
4.35 4.022869860793809 1.4967936441413
4.36 4.007755794960037 1.4895264963568
4.37 3.96874257531979 1.5565516558352
4.38 3.9357326973944797 1.4811993047419
4.39 3.9219509564289026 1.5120987722274
4.4 3.865935211048966 1.5168891057406
4.41 3.862234852409385 1.3648025766045
4.42 3.9242830212441318 1.3574153514483
4.43 3.917205088152064 1.4719060803776
4.44 3.8554937152376265 1.4418981366712
4.45 3.835747392635628 1.347388345174
4.46 3.852622221812099 1.290611564218
4.47 3.900363436459712 1.2134456138212
4.48 3.963942516765966 1.2181552656162
4.49 3.9898818427241287 1.2640266462824
4.5 4.028817910199407 1.2099263259311
4.51 4.024994023457898 1.3515947763217
4.52 3.9961129691634087 1.2428368641058
4.53 4.044388203427084 1.1871444592068
4.54 4.100947676258598 1.2029508288711
4.55 4.129454571479348 1.2411040062944
4.56 4.147029397108377 1.2374353857847
4.57 4.186402427229601 1.2206534511603
4.58 4.23818209171989 1.2519988767621
4.59 4.245501265505519 1.3537947257889
4.6 4.234691903930841 1.3441058537259
4.61 4.232768671807746 1.3899872527082
4.62 4.165595891043039 1.4679780585407
4.63 4.15750880683212 1.2597419417334
4.64 4.218972873288851 1.3032082399043
4.65 4.258143061806668 1.2850655058088
4.66 4.263773871578229 1.3825278507133
4.67 4.225443105041136 1.3640527378523
4.68 4.221349564445129 1.2839583777729
4.69 4.283896744319025 1.186229762731
4.7 4.370777355148399 1.207258574582
4.71 4.4239432751369945 1.2543853506245
4.72 4.475117295216075 1.2549194066001
4.73 4.529277155132823 1.3176471757926
4.74 4.541269303552033 1.414540331392
4.75 4.5126731922543515 1.4686388046686
4.76 4.47586267866937 1.4697546344469
4.77 4.450461825645493 1.4333710686844
4.78 4.475724788252864 1.3257067564377
4.79 4.573966296068922 1.2584763833844
4.8 4.6838822251762835 1.3176074784236
4.81 4.718117172897388 1.4599004019993
4.82 4.71964223764449 1.4563543383005
4.83 4.751111502653263 1.4676347777595
4.84 4.809255900833376 1.4637938046826
4.85 4.882362052661093 1.5296398386921
4.86 4.90513783756658 1.6730636909936
4.87 4.898306508702812 1.7154635767871
4.88 4.900866922695469 1.7824454731574
4.89 4.8879827962889415 1.8554843144858
4.9 4.872934485768114 1.8967214403555
4.91 4.8402944796729965 1.9864372804549
4.92 4.777481983665426 2.0212467997989
4.93 4.757767749329944 1.9589859245581
4.94 4.7362329834593595 2.0521134758434
4.95 4.680770001462715 2.0241473626469
4.96 4.688883971762 1.9312011208005
4.97 4.725854605826795 1.96408090217
4.98 4.734723322919076 1.9941316445951
4.99 4.74864294048131 1.9887484870489
5.0 4.7865627393974375 2.0056157291419
5.01 4.786085229052148 2.1302199725047
5.02 4.741948761000163 2.1569477351232
5.03 4.7306714634349145 2.1339750684076
5.04 4.728585450053413 2.1962346236065
5.05 4.682420058440489 2.2704908393126
5.06 4.5960508372413305 2.2983502001403
5.07 4.555528618598455 2.179788890138
5.08 4.540812634120641 2.2115620571663
5.09 4.518649220053808 2.1447482835796
5.1 4.51599572392469 2.1333863637384
5.11 4.494660256404419 2.1219808384263
5.12 4.501028275397011 2.0289637089775
5.13 4.488274065081566 2.0804972137186
5.14 4.49569468590944 1.9037834583392
5.15 4.553778539009163 1.8937299312404
5.16 4.6330104828508185 1.7858418309129
5.17 4.751141106492757 1.8074165427796
5.18 4.79612011918494 1.94399469898
5.19 4.801553497174456 1.927452391886
5.2 4.834717261305193 1.9336721074207
5.21 4.868125324699527 1.9563060350552
5.22 4.871723785449644 2.010842817324
5.23 4.887087048172889 1.9488641176446
5.24 4.930413377622269 1.9663201115009
5.25 4.9629957736052175 1.9748660646481
5.26 4.986332080558268 1.9930667943869
5.27 5.025163671682545 1.9547688773492
5.28 5.080328029458259 1.9758430397335
5.29 5.1203539864791034 2.0017325926347
5.3 5.1532970796459825 2.0121406504343
5.31 5.2025206024216395 1.9944592957234
5.32 5.256092525192154 2.0253968782738
5.33 5.30825469785322 2.0214241930475
5.34 5.3750344736348215 2.0287675155968
5.35 5.465322754441664 2.0245700834876
5.36 5.553390610480581 2.1039864467311
5.37 5.63022058155239 2.1455319082499
5.38 5.711436128541028 2.226637976272
5.39 5.7679937987678205 2.3392574803141
5.4 5.795673009439584 2.4328622197057
5.41 5.839909520879896 2.4604937914675
5.42 5.912697313246118 2.5426455263226
5.43 5.96024077222115 2.6914895998623
5.44 5.963939648882007 2.8227109484326
5.45 5.975814510305163 2.8794389939703
5.46 5.989016250574501 3.015584622003
5.47 5.984621895233921 3.1047081366482
5.48 5.998166126132865 3.1902521076291
5.49 5.987533776690199 3.3623554719956
5.5 5.947582236502752 3.4648930433623
5.51 5.890350063588917 3.6025780517331
5.52 5.848310228256986 3.6363214349053
5.53 5.789847288398261 3.8224174362867
5.54 5.694128920926511 3.8811712930862
5.55 5.602333232763555 3.9737553006752
5.56 5.4928150060209955 4.0314739954336
5.57 5.410053237444006 4.0249710310697
5.58 5.323922741252078 4.1232427655705
5.59 5.167521626395448 4.2026137977748
5.6 5.019118250950854 4.0992418105854
5.61 4.982757702001509 3.9513479292978
5.62 4.920485883785102 4.0739118091929
5.63 4.833950357505157 3.9271466353955
5.64 4.786505273691007 3.9216502547392
5.65 4.733081452861365 3.8250159299309
5.66 4.6969345920408 3.7599369876646
5.67 4.696378631182468 3.6095179245624
5.68 4.7564674259172985 3.5109111793166
5.69 4.818141534647781 3.496012296398
5.7 4.882166972525638 3.4443504140712
5.71 4.93903441817073 3.4828545811127
5.72 4.9637168124085855 3.4907472144226
5.73 4.994342557618767 3.4619819272217
5.74 5.058339954485504 3.4233626485445
5.75 5.1198366735090985 3.4750969258789
5.76 5.1461631419326475 3.5047791791695
5.77 5.202634061150614 3.4467758477996
5.78 5.2914412638637875 3.4863265971388
5.79 5.361714113600858 3.5527066031505
5.8 5.410091672773901 3.6349511260179
5.81 5.4267696455382755 3.7262336098569
5.82 5.449187348396191 3.7391255413857
5.83 5.476472428080989 3.8255422602938
5.84 5.501354366583221 3.8569431000065
5.85 5.520411759610634 3.9622128508488
5.86 5.489324726870382 4.0597986450879
5.87 5.475600510333949 4.0219001098651
5.88 5.523513344385191 4.0315953551667
5.89 5.561014281595908 4.1445247789548
5.9 5.531101200729331 4.273512581273
5.91 5.502731935430031 4.25423731976
5.92 5.501645754598756 4.3136090735223
5.93 5.468322635341416 4.3723577999594
5.94 5.462399815476537 4.3096353054923
5.95 5.492012031035705 4.3380786516641
5.96 5.521763132995521 4.3361104506018
5.97 5.599387022706972 4.3069825280438
5.98 5.690622360118196 4.4077801780504
5.99 5.734525474740323 4.5290784290092
6.0 5.798580240692261 4.5553637769656
6.01 5.850626723960363 4.7681773626777
6.02 5.826628211765555 4.9274037538822
6.03 5.798876563256012 5.0134817838376
6.04 5.765482207803951 5.1520200257302
6.05 5.696728726466735 5.2577770176364
6.06 5.671408564974035 5.2359784806118
6.07 5.664359486979275 5.3730126139444
6.08 5.6489118101270455 5.4090845470023
6.09 5.666389694664854 5.5077892570057
6.1 5.6469593340087485 5.697445472047
6.11 5.59659102433992 5.8188468063347
6.12 5.528358691884074 6.0016563239724
6.13 5.380212666005405 6.2101094878522
6.14 5.233665997189297 6.2115016986754
6.15 5.116811101944948 6.3298604476703
6.16 4.940343265531852 6.4475068689832
6.17 4.758106677839077 6.4265702068166
6.18 4.601344078770989 6.4236126204208
6.19 4.466636356127911 6.3578520633142
6.2 4.355584004412589 6.3230764688985
6.21 4.2647145829191215 6.2496297532415
6.22 4.176198948633257 6.2366492142342
6.23 4.114787902764985 6.1223212748841
6.24 4.050281211115604 6.167203098818
6.25 3.9330037453066207 6.1197480046554
6.26 3.862939135550061 5.9558781856461
6.27 3.8570527596072615 5.8581627141375
6.28 3.813426322728032 5.8673143179046
6.29 3.7893377533264907 5.6658583719107
6.3 3.830236297310063 5.5878435854417
6.31 3.876443589515909 5.4985065496384
6.32 3.9596990342522607 5.3987986932347
6.33 4.102422524577564 5.3301585165533
6.34 4.226708419428094 5.4534433118841
6.35 4.286739200424567 5.5439726172091
6.36 4.3270702431647985 5.6362790797274
6.37 4.332555322548625 5.7674255578172
6.38 4.290624696841025 5.8748211097823
6.39 4.247813451722205 5.9025708671407
6.4 4.193425960490723 5.991864332332
6.41 4.161851568748231 5.9410486008569
6.42 4.12833008514544 6.0636682275574
6.43 4.07494858204028 6.0382714025551
6.44 4.05013269336288 6.0822029708534
6.45 3.972654800846256 6.1877050426977
6.46 3.871941089094376 6.1568982538329
6.47 3.7948828615329324 6.1346795742221
6.48 3.7209718088826316 6.093171338651
6.49 3.6547227573267014 6.0218328653574
6.5 3.6439702424586176 5.8689025070846
6.51 3.6486367791106784 5.8486989424943
6.52 3.692722785926797 5.659218945856
6.53 3.8172448299835247 5.6133307633058
6.54 3.8877214679418315 5.7140275267958
6.55 3.9165405807619553 5.6828251527546
6.56 4.014178243040353 5.6057858338839
6.57 4.13643114202286 5.6903566650315
6.58 4.202899318740303 5.8162576694428
6.59 4.2372500879678165 5.9023892539996
6.6 4.2558563119065775 6.0081563175968
6.61 4.24814062911954 6.1028245808195
6.62 4.273970310654249 6.1120294043684
6.63 4.256848885029886 6.346689017005
6.64 4.169035705089498 6.3888079951835
6.65 4.110076841404398 6.4048647508288
6.66 4.080694870955581 6.3966361481645
6.67 4.0768755260256855 6.4112912346273
6.68 4.075559348939034 6.4569927884143
6.69 4.0356993763352165 6.5437150734186
6.7 4.031639706100154 6.4595458434551
6.71 4.029377598609654 6.6008996296056
6.72 3.991202831685946 6.5742059465594
6.73 4.009921422946715 6.551237531795
6.74 4.052110849459079 6.5925037860808
6.75 4.079589416444082 6.6762732300154
6.76 4.089532408136884 6.7598907274002
6.77 4.0734456931874 6.875028822459
6.78 4.057855900886125 6.9257264135346
6.79 4.004479485408055 7.109325341067
6.8 3.88468791335657 7.1776606239464
6.81 3.7897657884247784 7.1410657908345
6.82 3.750618893138686 7.0993724413623
6.83 3.721403720876877 7.1173072599838
6.84 3.7357622583095846 7.0261128198361
6.85 3.7939968432057114 7.0834950498207
6.86 3.794366775555099 7.2127082640399
6.87 3.8059381965861845 7.1988256566584
6.88 3.7750209756437916 7.4370361139158
6.89 3.665256561877748 7.4641887701385
6.9 3.6023303497794448 7.4373807447058
6.91 3.55446994968234 7.4611512067985
6.92 3.5390826019067925 7.3812299799922
6.93 3.5871743638418527 7.3608329310899
6.94 3.6490721362443415 7.4111139416628
6.95 3.6870987850170485 7.5138333796443
6.96 3.7181709211039307 7.5788965515963
6.97 3.770225521983933 7.6802908135453
6.98 3.7871741467908393 7.8979329574663
6.99 3.737329844833784 8.0970640730081
7.0 3.6581529371750645 8.2616978624366
7.01 3.5666157119233706 8.433205559784
7.02 3.3930793557919214 8.7050011252593
7.03 3.166176654633182 8.7890394144743
7.04 2.8721656335218078 8.9849726138593
7.05 2.5333229308982066 8.8655502944647
7.06 2.3405778844856835 8.5728942292208
7.07 2.266789966184144 8.4147016487628
7.08 2.1989328196604645 8.3132919712323
7.09 2.1884151277419073 8.0929612268119
7.1 2.243089586374625 8.0195220280026
7.11 2.2873414892528503 7.9964643171034
7.12 2.304364756032266 8.0136995600926
7.13 2.3093111039510337 7.9920420681561
7.14 2.319132406451788 7.9882044733333
7.15 2.356491944293782 7.9480704057449
7.16 2.3749995400163124 8.0567732215432
7.17 2.3350445684891152 8.0989320424418
7.18 2.290690280668141 8.0918860497023
7.19 2.276967431071524 8.0350159212435
7.2 2.286323843403098 8.0188927546294
7.21 2.3208529530771917 7.956733692166
7.22 2.392053108809382 7.9355972418939
7.23 2.523499248530694 7.888719145217
7.24 2.6250563856731945 8.0997574762435
7.25 2.693725100070472 8.1336087193945
7.26 2.747198620832907 8.3600324251718
7.27 2.7875013201284684 8.4269205268353
7.28 2.8119150190835827 8.7004334018373
7.29 2.7789361311722796 8.8687555373197
7.3 2.7366307076620218 9.0877082130753
7.31 2.6191604674840048 9.3692753584365
7.32 2.452731156652403 9.5220776923116
7.33 2.265717987904601 9.7026122998469
7.34 2.030288177957222 9.8244778142785
7.35 1.8126883720934952 9.8032520191085
7.36 1.6381511940107714 9.7991717395017
7.37 1.505464378260803 9.7362025117963
7.38 1.4247804591466726 9.7237082904437
7.39 1.3008745240913149 9.8467837180395
7.4 1.1399501471576963 9.8273583938904
7.41 0.9603950830654377 9.8656419872758
7.42 0.847068306824144 9.6413609228467
7.43 0.8207646528468012 9.6356253540778
7.44 0.7865120533283674 9.6233025376815
7.45 0.7116378361291186 9.7327396044784
7.46 0.5779270077666386 9.7538970359648
7.47 0.4845401909327498 9.6707196357452
7.48 0.4289244033762608 9.6937181030653
7.49 0.31464519119132023 9.7958310595718
7.5 0.13527164164873864 9.8140131621706
7.51 -0.04357641537052927 9.7261251902892
7.52 -0.14924043797567244 9.5376452552599
7.53 -0.17651486628619723 9.4156024436585
7.54 -0.21229567915434563 9.3923368289381
7.55 -0.2338003164179018 9.2547186076459
7.56 -0.20059316691339657 9.1862345809436
7.57 -0.13921670206340414 9.1496443768966
7.58 -0.08484318236760023 9.2312188405357
7.59 -0.1061924692856122 9.3849520102332
7.6 -0.18878731143507754 9.4643437439773
7.61 -0.28827774799084743 9.5141824940922
7.62 -0.369989471671382 9.5045293359506
7.63 -0.5039063449597452 9.6361914617824
7.64 -0.6319140095215556 9.4762108664741
7.65 -0.6860799849798077 9.4465535481811
7.66 -0.7311672063959143 9.3828719553901
7.67 -0.7203768315028081 9.3131865146207
7.68 -0.7508885037511078 9.4596876744254
7.69 -0.8493542559039808 9.4502899705121
7.7 -0.9033322297815017 9.3859753363938
7.71 -0.9479721074520483 9.4134396237467
7.72 -0.9811519583734694 9.3528674328159
7.73 -1.014365758304082 9.4076692105796
7.74 -1.028215630998334 9.3284959557258
7.75 -1.0125415447765982 9.4032525557246
7.76 -1.0514509078972711 9.5063217878653
7.77 -1.1079093203354016 9.5409062631841
7.78 -1.1552651826543934 9.5996483708712
7.79 -1.182381230741779 9.6422570504008
7.8 -1.2729562121669424 9.8789695645392
7.81 -1.459284569288963 9.9619084141814
7.82 -1.5827691950276195 9.8823582207821
7.83 -1.6850215469584413 10.00733042886
7.84 -1.8335494007502153 10.051041236198
7.85 -2.008932254319098 10.135412255095
7.86 -2.205234906094492 10.127509695829
7.87 -2.3915380230848267 10.111020009058
7.88 -2.578001820457101 10.071659021693
7.89 -2.7541169042610716 9.9940703770219
7.9 -2.898702621303848 9.885342293576
7.91 -3.0297695958299586 9.8196035886904
7.92 -3.1490518324150587 9.7090515376973
7.93 -3.2705052198721876 9.6604361405659
7.94 -3.4095176510041676 9.5485908909314
7.95 -3.489383111817908 9.3390753683983
7.96 -3.509040705621443 9.2253267755489
7.97 -3.5469578226459393 9.1772561416962
7.98 -3.5648392090216507 9.030416097984
7.99 -3.54255550343797 8.9832194340249
8.0 -3.5064279714784514 8.9522290394972
8.01 -3.540739521778899 9.1208111178374
8.02 -3.637010425573815 9.1043498813656
8.03 -3.737617420066926 9.1574869423217
8.04 -3.833630527892806 9.1035002579441
8.05 -3.93535202392776 9.171768026406
8.06 -4.082018398655057 9.1765206779159
8.07 -4.240692147567359 9.1631723119875
8.08 -4.403177286346344 9.1095653728026
8.09 -4.5512287791544015 9.0263926183112
8.1 -4.666630503089281 8.9293800204832
8.11 -4.823613277865824 8.9701605266037
8.12 -5.044242236915016 8.8726739076058
8.13 -5.227189070449737 8.6608988524976
8.14 -5.337547755136472 8.4362697634329
8.15 -5.434253004155719 8.2970836525347
8.16 -5.49091040189676 8.0288857336936
8.17 -5.509393508191672 7.9103467936369
8.18 -5.550720770442642 7.7678667347151
8.19 -5.572869017893429 7.5948984171013
8.2 -5.579023177099947 7.4647068249944
8.21 -5.572308994321812 7.3152361056968
8.22 -5.546572591604693 7.2069815865722
8.23 -5.550194558839541 7.1689821529367
8.24 -5.5715732501899415 7.0513674573742
8.25 -5.556891649087031 6.9250002493882
8.26 -5.546375169294764 6.8903458913753
8.27 -5.571520062720162 6.8300025701345
8.28 -5.5619128666314674 6.6851575813271
8.29 -5.570840506345039 6.7230724553736
8.3 -5.627084023081786 6.6220925094149
8.31 -5.639065951696036 6.4842219424916
8.32 -5.621217487208156 6.4013870050686
8.33 -5.606423739146102 6.3505243027026
8.34 -5.640900015230099 6.3656832305204
8.35 -5.678761019725247 6.2293545693269
8.36 -5.69688141966612 6.1864323947546
8.37 -5.71949907788176 6.0841884030992
8.38 -5.75321280336361 6.0475875975293
8.39 -5.801394265603652 5.9249811966146
8.4 -5.798248420916743 5.753839111559
8.41 -5.775783753147955 5.6812807891787
8.42 -5.754584834971051 5.561513353015
8.43 -5.707581613527578 5.4682952315992
8.44 -5.6843467143038096 5.4527045583228
8.45 -5.664298421089976 5.3393068108674
8.46 -5.628508304497947 5.2996039730472
8.47 -5.606958263608472 5.2472217114861
8.48 -5.591588180010056 5.2025446184026
8.49 -5.590128479955667 5.1526869138333
8.5 -5.554641633264282 5.0175875279701
8.51 -5.48594752961877 4.9822254200175
8.52 -5.425821422303314 4.9587468869615
8.53 -5.389394899366946 4.9917662415718
8.54 -5.387858290020461 5.0036631320227
8.55 -5.380934222902586 4.9706713998079
8.56 -5.380370024303439 5.0050417443735
8.57 -5.425638735129091 5.0344045555787
8.58 -5.479880981152265 4.9798262197992
8.59 -5.516884292950802 4.9254995072283
8.6 -5.545804232801478 4.8552872484251
8.61 -5.55356828112823 4.7591892737531
8.62 -5.513741416099498 4.6473453968079
8.63 -5.45299945278942 4.6349083865876
8.64 -5.42829539338817 4.6709602031021
8.65 -5.43179082554414 4.6774422871411
8.66 -5.4504723160816555 4.6955171938616
8.67 -5.478838908584319 4.6867235776975
8.68 -5.517192367356319 4.6972403339602
8.69 -5.567832406359128 4.6819850648273
8.7 -5.646658942597329 4.692881799399
8.71 -5.716506029056809 4.5719937828964
8.72 -5.723534502667947 4.4676470663676
8.73 -5.7373303664896795 4.4706355204219
8.74 -5.76226948058948 4.3948511961797
8.75 -5.787038559904185 4.3880033404896
8.76 -5.833884428810873 4.347297534541
8.77 -5.888671116862761 4.3014712356645
8.78 -5.9274709215094425 4.1987037719284
8.79 -5.953472464836397 4.1474870504771
8.8 -5.994664128555446 4.083612430641
8.81 -6.010603298795 3.9583039941666
8.82 -6.022405919593414 3.9247687431375
8.83 -6.016840055847349 3.7877293233859
8.84 -6.003603691413768 3.7915972127987
8.85 -6.003368129433428 3.7199256293279
8.86 -6.0357402051093425 3.7790098704835
8.87 -6.127796888455259 3.7347958064683
8.88 -6.20417614283731 3.6159991848132
8.89 -6.240191425285371 3.4822934927561
8.9 -6.273344936940316 3.4060261400215
8.91 -6.305774776373168 3.2609991349667
8.92 -6.288992597403631 3.0963909600902
8.93 -6.266990944444231 3.0360621482897
8.94 -6.260225863042079 2.9235202695315
8.95 -6.242591218344936 2.824599213421
8.96 -6.21421247679719 2.7146032183497
8.97 -6.177687480197086 2.633155234537
8.98 -6.151181988346333 2.568222549185
8.99 -6.1288465718012315 2.4870219213751
9.0 -6.123309890032009 2.4382980760714
9.01 -6.115727743959317 2.3067057827784
9.02 -6.070392944011232 2.1829945208539
9.03 -6.0017985222638295 2.0855208676604
9.04 -5.926595777583738 2.0282162095232
9.05 -5.897255226545933 2.0483775525787
9.06 -5.879977723195826 1.9375975951499
9.07 -5.847674400436395 1.9008955315886
9.08 -5.842433123451418 1.8444554771221
9.09 -5.816647940871994 1.7108118325312
9.1 -5.771874262069834 1.6414549649614
9.11 -5.722320463089807 1.5300124324637
9.12 -5.651692780139746 1.4414111549656
9.13 -5.578311700225493 1.3740197710527
9.14 -5.5049844760098186 1.3064735558941
9.15 -5.423754137528091 1.2405537755547
9.16 -5.342087997655056 1.2020377997747
9.17 -5.269098232354435 1.1661753710235
9.18 -5.193229618087386 1.1188406171623
9.19 -5.1152011870835725 1.0939452699926
9.2 -5.039174201152773 1.0666155182678
9.21 -4.965260339710054 1.0562875040858
9.22 -4.901554784590526 1.0536687551989
9.23 -4.840887527356918 1.039086217369
9.24 -4.785022582858518 1.0439206381155
9.25 -4.732869047575758 1.0321286179226
9.26 -4.686533521840113 1.0439618674165
9.27 -4.65054574594923 1.0385445934305
9.28 -4.6120311145677695 1.0241615619682
9.29 -4.569639096687904 1.0135764374611
9.3 -4.529065749116369 1.0110157273822
9.31 -4.490628955121561 1.0051028584792
9.32 -4.455983204904464 1.008408705854
9.33 -4.427649946568982 1.0069755024694
9.34 -4.39669464586172 0.99540282084234
9.35 -4.373429930235374 1.0109297152485
9.36 -4.362337940940808 1.0011231533638
9.37 -4.343726309694882 0.97257893641368
9.38 -4.31825533127666 0.95558783190118
9.39 -4.290760293283316 0.93549390643992
9.4 -4.26963371019535 0.93352522990339
9.41 -4.254829213898208 0.90689241931499
9.42 -4.225518388527835 0.86149991143872
9.43 -4.19030633847914 0.84614402692233
9.44 -4.154610636264501 0.81308955816018
9.45 -4.114034408752859 0.79411686755549
9.46 -4.072431036345217 0.7704740286907
9.47 -4.0231699265543694 0.74593495288442
9.48 -3.969858521870983 0.73723424099357
9.49 -3.9147345468909847 0.72997411910997
9.5 -3.861212807821894 0.74222377590826
9.51 -3.811807258277452 0.75447747421395
9.52 -3.7683472291057023 0.78403990961422
9.53 -3.7371891409721525 0.81691835662926
9.54 -3.710598889047623 0.83999369212413
9.55 -3.690384213436492 0.88152493285079
9.56 -3.6883728080856746 0.92756028832682
9.57 -3.7016856523733037 0.95816554939124
9.58 -3.7165696763711384 0.96849338279674
9.59 -3.743273120497591 1.0007509750047
9.6 -3.78315355866269 0.99086323285045
9.61 -3.8105615245817646 0.95273156597466
9.62 -3.8247604598806384 0.92160415977546
9.63 -3.845346845583497 0.9036595704536
9.64 -3.8622751563875193 0.83996343603177
9.65 -3.859869974541924 0.77896175408451
9.66 -3.8427763573360774 0.71571339394448
9.67 -3.8115442721013055 0.66131411623663
9.68 -3.7786333370612755 0.62995655116539
9.69 -3.742856456317668 0.58577892443815
9.7 -3.7073642828322435 0.56941119442449
9.71 -3.676068569946115 0.53815147130813
9.72 -3.6434218189540926 0.51521051027328
9.73 -3.612969656465852 0.48807028644322
9.74 -3.571122491490371 0.44199240086666
9.75 -3.521205547744929 0.42559576570132
9.76 -3.471445904468588 0.40491502239065
9.77 -3.420729062055921 0.3998633620825
9.78 -3.3743178803112333 0.39926665434307
9.79 -3.330532126165351 0.40108156758865
9.8 -3.2911929533748925 0.41062699070112
9.81 -3.257100589628288 0.4185953683818
9.82 -3.2270579427501502 0.42812660538073
9.83 -3.2001575383725136 0.43450938797603
9.84 -3.1772682305562956 0.44344210861805
9.85 -3.155405351978448 0.44098745261024
9.86 -3.1316102483472337 0.44077567580258
9.87 -3.1039987574124814 0.43376335910755
9.88 -3.076437838737741 0.44133274385455
9.89 -3.0481150609343923 0.4357592691075
9.9 -3.017453977851306 0.44511575885268
9.91 -2.9910663120890733 0.45620061008623
9.92 -2.9745452706966384 0.47584323652659
9.93 -2.953209677056579 0.45857335824815
9.94 -2.921787699920168 0.46978620990251
9.95 -2.8955954101059795 0.4861718414963
9.96 -2.8788258117898944 0.51198311447723
9.97 -2.8710473975731543 0.52583895142908
9.98 -2.8606931520497874 0.52505791944881
9.99 -2.8456111688416414 0.52968097382762
10.0 -2.829240117705951 0.53448168152879
10.01 -2.8127113071864187 0.54419544295059
10.02 -2.8001628922862705 0.55889294760555
10.03 -2.7917096410618387 0.56923049263483
10.04 -2.782753613717597 0.57486840557003
10.05 -2.7775769754505855 0.58993969425802
10.06 -2.7746696119123837 0.58915299096117
10.07 -2.7690755660724675 0.59076202187714
10.08 -2.759909581833841 0.58571139871012
10.09 -2.7515736695898685 0.59455816897511
10.1 -2.7429143892099024 0.58852937334127
10.11 -2.738128484836967 0.6031556114298
10.12 -2.733555354322654 0.58692408486266
10.13 -2.7207801987869233 0.58412662293594
10.14 -2.7055316326514873 0.57870288226818
10.15 -2.690449352281654 0.58546630151928
10.16 -2.6776154089015534 0.5879094257391
10.17 -2.665956545710043 0.59580586413836
10.18 -2.6574602529080207 0.60231900130229
10.19 -2.647837433012475 0.60314885026596
10.2 -2.6384594188100343 0.61234670656561
10.21 -2.629089512861552 0.61514784386605
10.22 -2.6228539612997803 0.63265454370433
10.23 -2.625662335403919 0.64514533135259
10.24 -2.631115347260523 0.64634053952532
10.25 -2.6357244383718332 0.64370803403981
10.26 -2.636195920635992 0.63162935168492
10.27 -2.6328535048527453 0.62516847038359
10.28 -2.631643310761357 0.61890758987613
10.29 -2.621915281252529 0.59074534137688
10.3 -2.601670527349205 0.58161841506303
10.31 -2.5782417342641435 0.57389457833569
10.32 -2.5564482470940346 0.58382893998553
10.33 -2.5373280717242523 0.58645170495737
10.34 -2.516599958115205 0.59653470930196
10.35 -2.496899485848973 0.61214489081607
10.36 -2.482332628335596 0.63913945967785
10.37 -2.4770150853166037 0.6689996231061
10.38 -2.4788185348656975 0.6953097279553
10.39 -2.4885599069619317 0.72468874717064
10.4 -2.5034201454098053 0.74181920234052
10.41 -2.527152471518141 0.76906677604682
10.42 -2.557881513277923 0.76834480490899
10.43 -2.578424109621402 0.75073858252258
10.44 -2.595212633710008 0.74878656751175
10.45 -2.606071210998491 0.72286384100412
10.46 -2.61166963681473 0.72184122120361
10.47 -2.620357855762551 0.71179095495918
10.48 -2.628249093357022 0.70597735916197
10.49 -2.6388785745130736 0.70131831984501
10.5 -2.6513577089704006 0.69257710873394
10.51 -2.668917334579936 0.6882270696526
10.52 -2.68809053773312 0.66412547994748
10.53 -2.6998336737461286 0.63389976607302
10.54 -2.704426615062175 0.60425934153015
10.55 -2.7121836732626496 0.58787684382294
10.56 -2.718847441749152 0.54404216354631
10.57 -2.7093136873105426 0.49524374879797
10.58 -2.6863271257346004 0.45848939855299
10.59 -2.6624260380108904 0.44281480145189
10.6 -2.6412719706749335 0.42504875811107
10.61 -2.624182127503052 0.41881347585937
10.62 -2.606676885619193 0.39650994294038
10.63 -2.585536693909925 0.38781268365544
10.64 -2.566311790094191 0.37910955178292
10.65 -2.5453552520436213 0.37033466712304
10.66 -2.5289789669796647 0.37725471622922
10.67 -2.517193691438792 0.37134802638723
10.68 -2.507372208354935 0.37272529904648
10.69 -2.498446966431611 0.36131644434941
10.7 -2.483649994837353 0.34909128624814
10.71 -2.4654525551001343 0.3437240307335
10.72 -2.4473496240461237 0.34403586554367
10.73 -2.4370234432681155 0.35678894509563
10.74 -2.4297778501181124 0.34992003295311
10.75 -2.420644787517221 0.35259638912786
10.76 -2.4151467019207775 0.35316745044877
10.77 -2.408959311940849 0.34711125216093
10.78 -2.4031342645953506 0.34719315563584
10.79 -2.3992438473639233 0.34087638160139
10.8 -2.3914815576122974 0.32811518419356
10.81 -2.380538843455012 0.32140749905665
10.82 -2.3669790111429028 0.31149893737854
10.83 -2.3532294228704242 0.31254726611634
10.84 -2.342304695032111 0.31034994601201
10.85 -2.327389589360155 0.30257635705398
10.86 -2.312374800176378 0.31123551438046
10.87 -2.304430241166698 0.31967835890429
10.88 -2.2981947904667646 0.31989449495426
10.89 -2.2893600445214495 0.32024247363882
10.9 -2.2812885625939185 0.32770854476269
10.91 -2.2787628794610275 0.33761962158762
10.92 -2.2761848598518353 0.33548334120006
10.93 -2.2735875507816967 0.3451871039579
10.94 -2.2773465510654054 0.35338282702113
10.95 -2.285314105413543 0.35583871631847
10.96 -2.294058507939571 0.35038807097024
10.97 -2.2981727987652354 0.33629575094493
10.98 -2.300270715789789 0.33021140694978
10.99 -2.2985912445482812 0.31150596434299
11.0 -2.294055021115046 0.30807414445766
11.01 -2.2941531366243595 0.30292993206386
11.02 -2.2936117991637093 0.2891945321542
11.03 -2.2871448153832543 0.27371449117935
11.04 -2.281761998227534 0.27294200474959
11.05 -2.279631679787177 0.26198570282321
11.06 -2.2750805575884256 0.25014302375496
11.07 -2.2664775166972375 0.23596041746027
11.08 -2.258550254289182 0.23422106316123
11.09 -2.254084864612715 0.22595371204431
11.1 -2.2465220571194218 0.21296763277866
11.11 -2.2382164505415525 0.2086875723041
11.12 -2.2306524089196884 0.19961856879549
11.13 -2.2233007038801436 0.19541858271209
11.14 -2.216610765118871 0.18721525986684
11.15 -2.2088313488728053 0.18036018021439
11.16 -2.2023938696484633 0.17632688447202
11.17 -2.1962260911413876 0.16740564159101
11.18 -2.189023148224483 0.16060153668775
11.19 -2.1829273313995126 0.15453231102198
11.2 -2.1762976806589194 0.14380348889555
11.21 -2.1671387077815463 0.13332448830604
11.22 -2.1559642015537475 0.12413933329885
11.23 -2.144313715622811 0.11864095963567
11.24 -2.133502466965863 0.11430457694572
11.25 -2.122845036396394 0.11000604056646
11.26 -2.1141399701046524 0.11023100257658
11.27 -2.1072323608005763 0.10603792463558
11.28 -2.1011470123655767 0.10341723796644
11.29 -2.094897746197211 0.095552183886254
11.3 -2.0861088648749173 0.087948152183792
11.31 -2.0773159945193935 0.084855994725236
11.32 -2.0701972630505043 0.080910083116603
11.33 -2.06332335603519 0.075131451934113
11.34 -2.056553714256345 0.069742109318484
11.35 -2.0498101935052717 0.062198903364915
11.36 -2.0404971367328195 0.051341610309827
11.37 -2.029562282832282 0.045794959742765
11.38 -2.0195434172697047 0.040601560447218
11.39 -2.0097021448122905 0.034675364159228
11.4 -1.99910739030282 0.028116084790807
11.41 -1.9880955995237923 0.023157704302081
11.42 -1.9769005609986514 0.017649974272041
11.43 -1.9650620985913925 0.012716140159912
11.44 -1.952620991814146 0.0084584814107035
11.45 -1.9402466276516595 0.0062714579861897
11.46 -1.9285610001301547 0.0046044192640121
11.47 -1.9175123965990144 0.0033041565079624
11.48 -1.9065023563832209 0.0011536053999255
11.49 -1.8952406935177273 1.2405620226836e-05
11.5 -1.8844612168419572 3.8901949179228e-10
11.51 -1.8743611554388937 2.2090987082389e-17
11.52 -1.86469874417075 0.0
11.53 -1.8553728838978731 0.0
11.54 -1.8463258143597099 0.0
11.55 -1.8375189131933791 0.0
11.56 -1.82892404978155 0.0
11.57 -1.8205196004889366 0.0
11.58 -1.812288313782646 0.0
11.59 -1.8042160453563416 0.0
11.6 -1.7962909527514566 0.0
11.61 -1.7885029540852293 0.0
11.62 -1.7808433486773976 0.0
11.63 -1.773304542074346 0.0
11.64 -1.7658798411959447 0.0
11.65 -1.7585632981911714 0.0
11.66 -1.7513495890926527 0.0
11.67 -1.7442339179332496 0.0
11.68 -1.7372119398797272 0.0
11.69 -1.7302796988258609 0.0
11.7 -1.7234335761536506 0.0
11.71 -1.7166702482410665 0.0
11.72 -1.7099866509053 0.0
11.73 -1.7033799494071233 0.0
11.74 -1.6968475129593192 0.0
11.75 -1.6903868929165915 0.0
11.76 -1.6839958039998364 0.0
11.77 -1.6776721080405004 0.0
11.78 -1.671413799832792 0.0
11.79 -1.6652189947603884 0.0
11.8 -1.6590859179260173 0.0
11.81 -1.6530128945610596 0.0
11.82 -1.6469983415309994 0.0
11.83 -1.6410407597837244 0.0
11.84 -1.6351387276126557 0.0
11.85 -1.6292908946271998 0.0
11.86 -1.623495976339523 0.0
11.87 -1.617752749290691 0.0
11.88 -1.6120600466500985 0.0
11.89 -1.606416754232079 0.0
11.9 -1.6008218068810949 0.0
11.91 -1.5952741851836723 0.0
11.92 -1.589772912470901 0.0
11.93 -1.5843170520799446 0.0
11.94 -1.5789057048470794 0.0
11.95 -1.5735380068082134 0.0
11.96 -1.568213127085803 0.0
11.97 -1.5629302659435786 0.0
11.98 -1.5576886529926752 0.0
11.99 -1.5524875455347118 0.0
12.0 -1.5473262270289059 0.0
12.01 -1.5422040056718302 0.0
12.02 -1.5371202130795663 0.0
12.03 -1.5320742030632408 0.0
12.04 -1.5270653504896778 0.0
12.05 -1.522093050219986 0.0
12.06 -1.517156716119409 0.0
12.07 -1.5122557801326044 0.0
12.08 -1.5073896914189562 0.0
12.09 -1.5025579155431597 0.0
12.1 -1.4977599337166736 0.0
12.11 -1.4929952420861243 0.0
12.12 -1.48826335106501 0.0
12.13 -1.4835637847055274 0.0
12.14 -1.4788960801074758 0.0
12.15 -1.4742597868615221 0.0
12.16 -1.4696544665244546 0.0
12.17 -1.4650796921239708 0.0
12.18 -1.460535047691158 0.0
12.19 -1.4560201278185072 0.0
12.2 -1.451534537241968 0.0
12.21 -1.4470778904452133 0.0
12.22 -1.4426498112848098 0.0
12.23 -1.4382499326348004 0.0
12.24 -1.4338778960495353 0.0
12.25 -1.4295333514435484 0.0
12.26 -1.425215956787402 0.0
12.27 -1.4209253778185236 0.0
12.28 -1.4166612877661193 0.0
12.29 -1.4124233670892856 0.0
12.3 -1.4082113032275432 0.0
12.31 -1.4040247903631002 0.0
12.32 -1.399863529194049 0.0
12.33 -1.3957272267180032 0.0
12.34 -1.3916155960254695 0.0
12.35 -1.3875283561024578 0.0
12.36 -1.3834652316418106 0.0
12.37 -1.3794259528627464 0.0
12.38 -1.3754102553381997 0.0
12.39 -1.371417879829512 0.0
12.4 -1.3674485721281033 0.0
