# Direct absorption versus energy
# Photon energy (eV), Imaginary dielectric function along x,y,z,average
            0.100000  0.23621293221187E+00  0.19502647516763E+00  0.23658630088917E+00  0.22260856942289E+00
            0.130000  0.57107348037699E+00  0.61339234979807E+00  0.47390232687364E+00  0.55278938568290E+00
            0.160000  0.63286529434409E+01  0.54789226400745E+01  0.28397035428906E+01  0.48824263754687E+01
            0.190000  0.36491858030849E+01  0.31724557942158E+01  0.18073067438223E+01  0.28763161137077E+01
            0.220000  0.56880218625068E+01  0.48711045435543E+01  0.23035909979963E+01  0.42875724680191E+01
            0.250000  0.45923174562385E+01  0.37574656270634E+01  0.21910064531147E+01  0.35135965121389E+01
            0.280000  0.46280154362462E+01  0.44561559480619E+01  0.23045958900005E+01  0.37962557581029E+01
            0.310000  0.18147351397365E+01  0.17137183448866E+01  0.10184650383869E+01  0.15156395076700E+01
            0.340000  0.65428142599145E+00  0.50823396370488E+00  0.24568437099550E+00  0.46939992023061E+00
            0.370000  0.71062897155384E+00  0.56841085710710E+00  0.25604966055800E+00  0.51169649640631E+00
            0.400000  0.14300662413699E+00  0.13481137247753E+00  0.86076240359925E-01  0.12129807899148E+00
            0.430000  0.80165803267174E-01  0.83274983085463E-01  0.37200391169699E-01  0.66880392507445E-01
            0.460000  0.11955599289915E+00  0.95032637643207E-01  0.44046746096782E-01  0.86211792213046E-01
            0.490000  0.14212584753495E+00  0.11304533222774E+00  0.50181319812725E-01  0.10178416652514E+00
            0.520000  0.15971157668409E+00  0.13137454287346E+00  0.72422165605923E-01  0.12116942838782E+00
            0.550000  0.69938071732766E+00  0.45923070105054E+00  0.21683892942674E+00  0.45848344926831E+00
            0.580000  0.27022936266919E+00  0.29648450862891E+00  0.11962455636601E+00  0.22877947588804E+00
            0.610000  0.11938983671607E+01  0.11400228911354E+01  0.42705335937511E+00  0.92032487255707E+00
            0.640000  0.26472415256214E+01  0.20898618191773E+01  0.76794548443942E+00  0.18350162764127E+01
            0.670000  0.14815402180464E+01  0.13323799712229E+01  0.45380638796368E+00  0.10892421924110E+01
            0.700000  0.15670232931681E+01  0.11959024569781E+01  0.53468799271446E+00  0.10992045809535E+01
            0.730000  0.74817689587192E+00  0.71602251944280E+00  0.35599422283262E+00  0.60673121271578E+00
            0.760000  0.14442197462944E+01  0.10120867231035E+01  0.50278983497305E+00  0.98636543479034E+00
            0.790000  0.11008907595352E+01  0.10760658220687E+01  0.42434235308049E+00  0.86709964489479E+00
            0.820000  0.53363337080058E+00  0.36896710203443E+00  0.17588948885569E+00  0.35949665389690E+00
            0.850000  0.28318321099802E+00  0.25802659518487E+00  0.15112600462622E+00  0.23077860360304E+00
            0.880000  0.13202741146796E+00  0.11895858802819E+00  0.67409097938700E-01  0.10613169914495E+00
            0.910000  0.16817521115801E+00  0.17536874599040E+00  0.12193383694239E+00  0.15515926469693E+00
            0.940000  0.10649774447823E-01  0.13617082159042E-01  0.68462446066077E-02  0.10371033737824E-01
            0.970000  0.21642012525111E-01  0.46545804654502E-01  0.25885192968989E-01  0.31357670049534E-01
            1.000000  0.23361440888804E-01  0.23285192861516E-01  0.21271597048823E-01  0.22639410266381E-01
            1.030000  0.48670189481564E-01  0.58721418047541E-01  0.40507082952524E-01  0.49299563493876E-01
            1.060000  0.33943375869008E-01  0.36342653333329E-01  0.85430101941999E-01  0.51905377048112E-01
            1.090000  0.70242368316638E-01  0.65791464374067E-01  0.43420111534347E-01  0.59817981408351E-01
            1.120000  0.20345808319657E-02  0.20975111763608E-02  0.26714323763801E-02  0.22678414615689E-02
            1.150000  0.34160972185231E-01  0.37128735268181E-01  0.41135967728606E-01  0.37475225060673E-01
            1.180000  0.40321432627584E-01  0.47196349244455E-01  0.33344488269410E-01  0.40287423380483E-01
            1.210000  0.59099750970081E-01  0.73564883040213E-01  0.14235214449282E+00  0.91672259501039E-01
            1.240000  0.46353054318058E-01  0.50870586169563E-01  0.45394246542359E-01  0.47539295676660E-01
            1.270000  0.26630888051254E-01  0.33282969111506E-01  0.25203957423467E-01  0.28372604862076E-01
            1.300000  0.39499653049354E-01  0.29371800467535E-01  0.31373569240927E-01  0.33415007585939E-01
            1.330000  0.51901114604007E-01  0.54614013443806E-01  0.65238642070332E-01  0.57251256706048E-01
            1.360000  0.13581476220430E+00  0.10577566891092E+00  0.24161926836216E+00  0.16106989982579E+00
            1.390000  0.83263324687205E-01  0.79508842087248E-01  0.87857369280466E-01  0.83543178684973E-01
            1.420000  0.17106268612468E+00  0.18048866759464E+00  0.25910461366159E+00  0.20355198912697E+00
            1.450000  0.14195651528523E+00  0.13176951163268E+00  0.81296347009156E-01  0.11834079130902E+00
            1.480000  0.37290820061100E+00  0.31793145697211E+00  0.23436003866067E+00  0.30839989874793E+00
            1.510000  0.34826740032818E+00  0.27047086543962E+00  0.17320365339228E+00  0.26398063972003E+00
            1.540000  0.71867475815467E-01  0.50598418264319E-01  0.27270953276812E-01  0.49912282452200E-01
            1.570000  0.47844360422294E-01  0.41093044513731E-01  0.35563002953068E-01  0.41500135963031E-01
            1.600000  0.22014522821133E-01  0.27310190688072E-01  0.24910976727499E-01  0.24745230078902E-01
            1.630000  0.23815085515200E-01  0.32671424837002E-01  0.33748149358150E-01  0.30078219903451E-01
            1.660000  0.19178803761523E-01  0.20193994085735E-01  0.17284911965452E-01  0.18885903270903E-01
            1.690000  0.56681902833860E-01  0.60508651557188E-01  0.51512816607727E-01  0.56234456999591E-01
            1.720000  0.29236700414593E-01  0.53751181442266E-01  0.73568209930804E-01  0.52185363929221E-01
            1.750000  0.42392438985199E-01  0.69368428378860E-01  0.13506488295487E+00  0.82275250106309E-01
            1.780000  0.44866123941681E-01  0.57289708590069E-01  0.13788476962444E+00  0.80013534052065E-01
            1.810000  0.59748557532510E-01  0.69014893845786E-01  0.12565892301627E+00  0.84807458131521E-01
            1.840000  0.68782163904863E-01  0.11930923301551E+00  0.30762928404051E+00  0.16524022698696E+00
            1.870000  0.74486747818514E-01  0.11161294899171E+00  0.21888334032145E+00  0.13499434571056E+00
            1.900000  0.80379859868609E-01  0.94108616645026E-01  0.17025398813979E+00  0.11491415488447E+00
            1.930000  0.72444997430351E-01  0.99854562935366E-01  0.15505749527156E+00  0.10911901854576E+00
            1.960000  0.79276403888503E-01  0.86139088760489E-01  0.10647892759163E+00  0.90631473413542E-01
            1.990000  0.14497332112620E+00  0.11758869185086E+00  0.97149694514220E-01  0.11990390249709E+00
            2.020000  0.49997519097949E-01  0.34173212044087E-01  0.43387406553847E-01  0.42519379231961E-01
            2.050000  0.87048874721144E-01  0.76944029518819E-01  0.71524144884074E-01  0.78505683041346E-01
            2.080000  0.10090566134342E+00  0.73287237116418E-01  0.48412082953002E-01  0.74201660470947E-01
            2.110000  0.11181808265607E+00  0.88564315614789E-01  0.64571346074509E-01  0.88317914781790E-01
            2.140000  0.76772028555517E-01  0.62488129565514E-01  0.47837599045051E-01  0.62365919055361E-01
            2.170000  0.42851597973079E-01  0.23511797014184E-01  0.22173376789165E-01  0.29512257258809E-01
            2.200000  0.82737787760236E-01  0.68191868391057E-01  0.42590593870152E-01  0.64506750007148E-01
            2.230000  0.17567228430805E-01  0.10675986930400E-01  0.12392396207804E-01  0.13545203856336E-01
            2.260000  0.40817862732032E-01  0.30114819200901E-01  0.30230128127419E-01  0.33720936686784E-01
            2.290000  0.35629260369925E-01  0.23213733975063E-01  0.30558024663663E-01  0.29800339669550E-01
            2.320000  0.24992498960524E-01  0.21311432546700E-01  0.25009845804757E-01  0.23771259103994E-01
            2.350000  0.18902132622088E-01  0.17883063943479E-01  0.16563380032288E-01  0.17782858865952E-01
            2.380000  0.19342939773345E-01  0.13806798485869E-01  0.97024993840123E-02  0.14284079214409E-01
            2.410000  0.33021092435244E-01  0.27144886231389E-01  0.26734211528931E-01  0.28966730065188E-01
            2.440000  0.71029757931988E-01  0.56112650163606E-01  0.56761103575794E-01  0.61301170557129E-01
            2.470000  0.23613788213342E-01  0.20974206252541E-01  0.20924340782132E-01  0.21837445082672E-01
            2.500000  0.23694792494662E-01  0.13946432358895E-01  0.18365388009999E-01  0.18668870954519E-01
            2.530000  0.14525167184503E-01  0.86182412394393E-02  0.14747680158816E-01  0.12630362860919E-01
            2.560000  0.72457253209226E-03  0.52545525455943E-03  0.72676580150408E-03  0.65893119605193E-03
            2.590000  0.18183190205594E-02  0.11033259708563E-02  0.12935654705724E-02  0.14050701539960E-02
            2.620000  0.21392147844606E-02  0.10399766396077E-02  0.24701424706146E-02  0.18831112982276E-02
            2.650000  0.32206349443612E-02  0.18027083754444E-02  0.31327876399786E-02  0.27187103199281E-02
            2.680000  0.26311984600524E-02  0.12084699729808E-02  0.16168098840041E-02  0.18188261056791E-02
            2.710000  0.40798767157161E-02  0.14806408956742E-02  0.18454709373295E-02  0.24686628495733E-02
            2.740000  0.69642777195840E-02  0.31235213597772E-02  0.44038292200093E-02  0.48305427664568E-02
            2.770000  0.69501029914029E-02  0.30318296435277E-02  0.32071182034909E-02  0.43963502794739E-02
            2.800000  0.38527956453651E-02  0.18414039675581E-02  0.30995015282156E-02  0.29312337137129E-02
            2.830000  0.94563952666262E-02  0.38453796952143E-02  0.50180440783907E-02  0.61066063467437E-02
            2.860000  0.71240192479621E-02  0.31350229238851E-02  0.40254834679388E-02  0.47615085465953E-02
            2.890000  0.28626272680810E-02  0.24748535236671E-02  0.18711790382580E-02  0.24028866100020E-02
            2.920000  0.87420436233863E-02  0.32509836242559E-02  0.40800336886917E-02  0.53576869787780E-02
            2.950000  0.76703014837891E-03  0.74193620246322E-03  0.51429531236487E-03  0.67442055440233E-03
            2.980000  0.57184196921998E-02  0.52257975862816E-02  0.50937558217497E-02  0.53459910334104E-02
            3.010000  0.91664145385555E-02  0.61449914366792E-02  0.44176567103558E-02  0.65763542285302E-02
            3.040000  0.91366158328283E-02  0.74827446152661E-02  0.44179022480125E-02  0.70124208987023E-02
            3.070000  0.19114766897839E-01  0.11820799260741E-01  0.68583155702841E-02  0.12597960576288E-01
            3.100000  0.34168010716873E-01  0.18885466430417E-01  0.10159210651918E-01  0.21070895933070E-01
            3.130000  0.57297026820864E-01  0.26946735507172E-01  0.15675257384931E-01  0.33306339904323E-01
            3.160000  0.25239957243732E-01  0.13606955569183E-01  0.73269096626811E-02  0.15391274158532E-01
            3.190000  0.39074395372753E-01  0.15829842582832E-01  0.10184749535132E-01  0.21696329163572E-01
            3.220000  0.31827408203717E-01  0.12686270865930E-01  0.74599127986462E-02  0.17324530622764E-01
            3.250000  0.15489008640691E-01  0.69570631627258E-02  0.39829525431303E-02  0.88096747821822E-02
            3.280000  0.99068330266980E-02  0.57847797407751E-02  0.34941788706854E-02  0.63952638793862E-02
            3.310000  0.99648072865017E-02  0.44159414445568E-02  0.23977001751064E-02  0.55928163020550E-02
            3.340000  0.28596094928831E-02  0.13289876137694E-02  0.12774138917889E-02  0.18220036661471E-02
            3.370000  0.52552271591566E-03  0.28061409595017E-03  0.28786276981410E-03  0.36466652722664E-03
            3.400000  0.00000000000000E+00  0.00000000000000E+00  0.00000000000000E+00  0.00000000000000E+00
            3.430000  0.00000000000000E+00  0.00000000000000E+00  0.00000000000000E+00  0.00000000000000E+00
            3.460000  0.00000000000000E+00  0.00000000000000E+00  0.00000000000000E+00  0.00000000000000E+00
            3.490000  0.00000000000000E+00  0.00000000000000E+00  0.00000000000000E+00  0.00000000000000E+00
            3.520000  0.00000000000000E+00  0.00000000000000E+00  0.00000000000000E+00  0.00000000000000E+00
            3.550000  0.00000000000000E+00  0.00000000000000E+00  0.00000000000000E+00  0.00000000000000E+00
            3.580000  0.00000000000000E+00  0.00000000000000E+00  0.00000000000000E+00  0.00000000000000E+00
            3.610000  0.00000000000000E+00  0.00000000000000E+00  0.00000000000000E+00  0.00000000000000E+00
            3.640000  0.00000000000000E+00  0.00000000000000E+00  0.00000000000000E+00  0.00000000000000E+00
            3.670000  0.00000000000000E+00  0.00000000000000E+00  0.00000000000000E+00  0.00000000000000E+00
            3.700000  0.00000000000000E+00  0.00000000000000E+00  0.00000000000000E+00  0.00000000000000E+00
            3.730000  0.00000000000000E+00  0.00000000000000E+00  0.00000000000000E+00  0.00000000000000E+00
            3.760000  0.00000000000000E+00  0.00000000000000E+00  0.00000000000000E+00  0.00000000000000E+00
            3.790000  0.00000000000000E+00  0.00000000000000E+00  0.00000000000000E+00  0.00000000000000E+00
            3.820000  0.00000000000000E+00  0.00000000000000E+00  0.00000000000000E+00  0.00000000000000E+00
            3.850000  0.00000000000000E+00  0.00000000000000E+00  0.00000000000000E+00  0.00000000000000E+00
            3.880000  0.00000000000000E+00  0.00000000000000E+00  0.00000000000000E+00  0.00000000000000E+00
            3.910000  0.00000000000000E+00  0.00000000000000E+00  0.00000000000000E+00  0.00000000000000E+00
            3.940000  0.00000000000000E+00  0.00000000000000E+00  0.00000000000000E+00  0.00000000000000E+00
            3.970000  0.00000000000000E+00  0.00000000000000E+00  0.00000000000000E+00  0.00000000000000E+00
            4.000000  0.00000000000000E+00  0.00000000000000E+00  0.00000000000000E+00  0.00000000000000E+00
            4.030000  0.00000000000000E+00  0.00000000000000E+00  0.00000000000000E+00  0.00000000000000E+00
            4.060000  0.00000000000000E+00  0.00000000000000E+00  0.00000000000000E+00  0.00000000000000E+00
            4.090000  0.00000000000000E+00  0.00000000000000E+00  0.00000000000000E+00  0.00000000000000E+00
            4.120000  0.00000000000000E+00  0.00000000000000E+00  0.00000000000000E+00  0.00000000000000E+00
            4.150000  0.00000000000000E+00  0.00000000000000E+00  0.00000000000000E+00  0.00000000000000E+00
            4.180000  0.00000000000000E+00  0.00000000000000E+00  0.00000000000000E+00  0.00000000000000E+00
            4.210000  0.00000000000000E+00  0.00000000000000E+00  0.00000000000000E+00  0.00000000000000E+00
            4.240000  0.00000000000000E+00  0.00000000000000E+00  0.00000000000000E+00  0.00000000000000E+00
            4.270000  0.00000000000000E+00  0.00000000000000E+00  0.00000000000000E+00  0.00000000000000E+00
            4.300000  0.00000000000000E+00  0.00000000000000E+00  0.00000000000000E+00  0.00000000000000E+00
            4.330000  0.00000000000000E+00  0.00000000000000E+00  0.00000000000000E+00  0.00000000000000E+00
            4.360000  0.00000000000000E+00  0.00000000000000E+00  0.00000000000000E+00  0.00000000000000E+00
            4.390000  0.00000000000000E+00  0.00000000000000E+00  0.00000000000000E+00  0.00000000000000E+00
            4.420000  0.00000000000000E+00  0.00000000000000E+00  0.00000000000000E+00  0.00000000000000E+00
            4.450000  0.00000000000000E+00  0.00000000000000E+00  0.00000000000000E+00  0.00000000000000E+00
            4.480000  0.00000000000000E+00  0.00000000000000E+00  0.00000000000000E+00  0.00000000000000E+00
            4.510000  0.00000000000000E+00  0.00000000000000E+00  0.00000000000000E+00  0.00000000000000E+00
            4.540000  0.00000000000000E+00  0.00000000000000E+00  0.00000000000000E+00  0.00000000000000E+00
            4.570000  0.00000000000000E+00  0.00000000000000E+00  0.00000000000000E+00  0.00000000000000E+00
            4.600000  0.00000000000000E+00  0.00000000000000E+00  0.00000000000000E+00  0.00000000000000E+00
            4.630000  0.00000000000000E+00  0.00000000000000E+00  0.00000000000000E+00  0.00000000000000E+00
            4.660000  0.00000000000000E+00  0.00000000000000E+00  0.00000000000000E+00  0.00000000000000E+00
            4.690000  0.00000000000000E+00  0.00000000000000E+00  0.00000000000000E+00  0.00000000000000E+00
            4.720000  0.00000000000000E+00  0.00000000000000E+00  0.00000000000000E+00  0.00000000000000E+00
            4.750000  0.00000000000000E+00  0.00000000000000E+00  0.00000000000000E+00  0.00000000000000E+00
            4.780000  0.00000000000000E+00  0.00000000000000E+00  0.00000000000000E+00  0.00000000000000E+00
            4.810000  0.00000000000000E+00  0.00000000000000E+00  0.00000000000000E+00  0.00000000000000E+00
            4.840000  0.00000000000000E+00  0.00000000000000E+00  0.00000000000000E+00  0.00000000000000E+00
            4.870000  0.00000000000000E+00  0.00000000000000E+00  0.00000000000000E+00  0.00000000000000E+00
            4.900000  0.00000000000000E+00  0.00000000000000E+00  0.00000000000000E+00  0.00000000000000E+00
            4.930000  0.00000000000000E+00  0.00000000000000E+00  0.00000000000000E+00  0.00000000000000E+00
            4.960000  0.00000000000000E+00  0.00000000000000E+00  0.00000000000000E+00  0.00000000000000E+00
            4.990000  0.00000000000000E+00  0.00000000000000E+00  0.00000000000000E+00  0.00000000000000E+00
            5.020000  0.00000000000000E+00  0.00000000000000E+00  0.00000000000000E+00  0.00000000000000E+00
            5.050000  0.00000000000000E+00  0.00000000000000E+00  0.00000000000000E+00  0.00000000000000E+00
            5.080000  0.00000000000000E+00  0.00000000000000E+00  0.00000000000000E+00  0.00000000000000E+00
            5.110000  0.00000000000000E+00  0.00000000000000E+00  0.00000000000000E+00  0.00000000000000E+00
            5.140000  0.00000000000000E+00  0.00000000000000E+00  0.00000000000000E+00  0.00000000000000E+00
            5.170000  0.00000000000000E+00  0.00000000000000E+00  0.00000000000000E+00  0.00000000000000E+00
            5.200000  0.00000000000000E+00  0.00000000000000E+00  0.00000000000000E+00  0.00000000000000E+00
            5.230000  0.00000000000000E+00  0.00000000000000E+00  0.00000000000000E+00  0.00000000000000E+00
            5.260000  0.00000000000000E+00  0.00000000000000E+00  0.00000000000000E+00  0.00000000000000E+00
            5.290000  0.00000000000000E+00  0.00000000000000E+00  0.00000000000000E+00  0.00000000000000E+00
            5.320000  0.00000000000000E+00  0.00000000000000E+00  0.00000000000000E+00  0.00000000000000E+00
            5.350000  0.00000000000000E+00  0.00000000000000E+00  0.00000000000000E+00  0.00000000000000E+00
            5.380000  0.00000000000000E+00  0.00000000000000E+00  0.00000000000000E+00  0.00000000000000E+00
            5.410000  0.00000000000000E+00  0.00000000000000E+00  0.00000000000000E+00  0.00000000000000E+00
            5.440000  0.00000000000000E+00  0.00000000000000E+00  0.00000000000000E+00  0.00000000000000E+00
            5.470000  0.00000000000000E+00  0.00000000000000E+00  0.00000000000000E+00  0.00000000000000E+00
            5.500000  0.00000000000000E+00  0.00000000000000E+00  0.00000000000000E+00  0.00000000000000E+00
            5.530000  0.00000000000000E+00  0.00000000000000E+00  0.00000000000000E+00  0.00000000000000E+00
            5.560000  0.00000000000000E+00  0.00000000000000E+00  0.00000000000000E+00  0.00000000000000E+00
            5.590000  0.00000000000000E+00  0.00000000000000E+00  0.00000000000000E+00  0.00000000000000E+00
            5.620000  0.00000000000000E+00  0.00000000000000E+00  0.00000000000000E+00  0.00000000000000E+00
            5.650000  0.00000000000000E+00  0.00000000000000E+00  0.00000000000000E+00  0.00000000000000E+00
            5.680000  0.00000000000000E+00  0.00000000000000E+00  0.00000000000000E+00  0.00000000000000E+00
            5.710000  0.00000000000000E+00  0.00000000000000E+00  0.00000000000000E+00  0.00000000000000E+00
            5.740000  0.00000000000000E+00  0.00000000000000E+00  0.00000000000000E+00  0.00000000000000E+00
            5.770000  0.00000000000000E+00  0.00000000000000E+00  0.00000000000000E+00  0.00000000000000E+00
            5.800000  0.00000000000000E+00  0.00000000000000E+00  0.00000000000000E+00  0.00000000000000E+00
            5.830000  0.00000000000000E+00  0.00000000000000E+00  0.00000000000000E+00  0.00000000000000E+00
            5.860000  0.00000000000000E+00  0.00000000000000E+00  0.00000000000000E+00  0.00000000000000E+00
            5.890000  0.00000000000000E+00  0.00000000000000E+00  0.00000000000000E+00  0.00000000000000E+00
            5.920000  0.00000000000000E+00  0.00000000000000E+00  0.00000000000000E+00  0.00000000000000E+00
            5.950000  0.00000000000000E+00  0.00000000000000E+00  0.00000000000000E+00  0.00000000000000E+00
            5.980000  0.00000000000000E+00  0.00000000000000E+00  0.00000000000000E+00  0.00000000000000E+00
            6.010000  0.00000000000000E+00  0.00000000000000E+00  0.00000000000000E+00  0.00000000000000E+00
            6.040000  0.00000000000000E+00  0.00000000000000E+00  0.00000000000000E+00  0.00000000000000E+00
            6.070000  0.00000000000000E+00  0.00000000000000E+00  0.00000000000000E+00  0.00000000000000E+00
            6.100000  0.00000000000000E+00  0.00000000000000E+00  0.00000000000000E+00  0.00000000000000E+00
            6.130000  0.00000000000000E+00  0.00000000000000E+00  0.00000000000000E+00  0.00000000000000E+00
            6.160000  0.00000000000000E+00  0.00000000000000E+00  0.00000000000000E+00  0.00000000000000E+00
            6.190000  0.00000000000000E+00  0.00000000000000E+00  0.00000000000000E+00  0.00000000000000E+00
            6.220000  0.00000000000000E+00  0.00000000000000E+00  0.00000000000000E+00  0.00000000000000E+00
            6.250000  0.00000000000000E+00  0.00000000000000E+00  0.00000000000000E+00  0.00000000000000E+00
            6.280000  0.00000000000000E+00  0.00000000000000E+00  0.00000000000000E+00  0.00000000000000E+00
            6.310000  0.00000000000000E+00  0.00000000000000E+00  0.00000000000000E+00  0.00000000000000E+00
            6.340000  0.00000000000000E+00  0.00000000000000E+00  0.00000000000000E+00  0.00000000000000E+00
            6.370000  0.00000000000000E+00  0.00000000000000E+00  0.00000000000000E+00  0.00000000000000E+00
            6.400000  0.00000000000000E+00  0.00000000000000E+00  0.00000000000000E+00  0.00000000000000E+00
            6.430000  0.00000000000000E+00  0.00000000000000E+00  0.00000000000000E+00  0.00000000000000E+00
            6.460000  0.00000000000000E+00  0.00000000000000E+00  0.00000000000000E+00  0.00000000000000E+00
            6.490000  0.00000000000000E+00  0.00000000000000E+00  0.00000000000000E+00  0.00000000000000E+00
            6.520000  0.00000000000000E+00  0.00000000000000E+00  0.00000000000000E+00  0.00000000000000E+00
            6.550000  0.00000000000000E+00  0.00000000000000E+00  0.00000000000000E+00  0.00000000000000E+00
            6.580000  0.00000000000000E+00  0.00000000000000E+00  0.00000000000000E+00  0.00000000000000E+00
            6.610000  0.00000000000000E+00  0.00000000000000E+00  0.00000000000000E+00  0.00000000000000E+00
            6.640000  0.00000000000000E+00  0.00000000000000E+00  0.00000000000000E+00  0.00000000000000E+00
            6.670000  0.00000000000000E+00  0.00000000000000E+00  0.00000000000000E+00  0.00000000000000E+00
            6.700000  0.00000000000000E+00  0.00000000000000E+00  0.00000000000000E+00  0.00000000000000E+00
            6.730000  0.00000000000000E+00  0.00000000000000E+00  0.00000000000000E+00  0.00000000000000E+00
            6.760000  0.00000000000000E+00  0.00000000000000E+00  0.00000000000000E+00  0.00000000000000E+00
            6.790000  0.00000000000000E+00  0.00000000000000E+00  0.00000000000000E+00  0.00000000000000E+00
            6.820000  0.00000000000000E+00  0.00000000000000E+00  0.00000000000000E+00  0.00000000000000E+00
            6.850000  0.00000000000000E+00  0.00000000000000E+00  0.00000000000000E+00  0.00000000000000E+00
            6.880000  0.00000000000000E+00  0.00000000000000E+00  0.00000000000000E+00  0.00000000000000E+00
            6.910000  0.00000000000000E+00  0.00000000000000E+00  0.00000000000000E+00  0.00000000000000E+00
            6.940000  0.00000000000000E+00  0.00000000000000E+00  0.00000000000000E+00  0.00000000000000E+00
            6.970000  0.00000000000000E+00  0.00000000000000E+00  0.00000000000000E+00  0.00000000000000E+00
            7.000000  0.00000000000000E+00  0.00000000000000E+00  0.00000000000000E+00  0.00000000000000E+00
            7.030000  0.00000000000000E+00  0.00000000000000E+00  0.00000000000000E+00  0.00000000000000E+00
            7.060000  0.00000000000000E+00  0.00000000000000E+00  0.00000000000000E+00  0.00000000000000E+00
            7.090000  0.00000000000000E+00  0.00000000000000E+00  0.00000000000000E+00  0.00000000000000E+00
            7.120000  0.00000000000000E+00  0.00000000000000E+00  0.00000000000000E+00  0.00000000000000E+00
            7.150000  0.00000000000000E+00  0.00000000000000E+00  0.00000000000000E+00  0.00000000000000E+00
            7.180000  0.00000000000000E+00  0.00000000000000E+00  0.00000000000000E+00  0.00000000000000E+00
            7.210000  0.00000000000000E+00  0.00000000000000E+00  0.00000000000000E+00  0.00000000000000E+00
            7.240000  0.00000000000000E+00  0.00000000000000E+00  0.00000000000000E+00  0.00000000000000E+00
            7.270000  0.00000000000000E+00  0.00000000000000E+00  0.00000000000000E+00  0.00000000000000E+00
            7.300000  0.00000000000000E+00  0.00000000000000E+00  0.00000000000000E+00  0.00000000000000E+00
            7.330000  0.00000000000000E+00  0.00000000000000E+00  0.00000000000000E+00  0.00000000000000E+00
            7.360000  0.00000000000000E+00  0.00000000000000E+00  0.00000000000000E+00  0.00000000000000E+00
            7.390000  0.00000000000000E+00  0.00000000000000E+00  0.00000000000000E+00  0.00000000000000E+00
            7.420000  0.00000000000000E+00  0.00000000000000E+00  0.00000000000000E+00  0.00000000000000E+00
            7.450000  0.00000000000000E+00  0.00000000000000E+00  0.00000000000000E+00  0.00000000000000E+00
            7.480000  0.00000000000000E+00  0.00000000000000E+00  0.00000000000000E+00  0.00000000000000E+00
            7.510000  0.00000000000000E+00  0.00000000000000E+00  0.00000000000000E+00  0.00000000000000E+00
            7.540000  0.00000000000000E+00  0.00000000000000E+00  0.00000000000000E+00  0.00000000000000E+00
            7.570000  0.00000000000000E+00  0.00000000000000E+00  0.00000000000000E+00  0.00000000000000E+00
            7.600000  0.00000000000000E+00  0.00000000000000E+00  0.00000000000000E+00  0.00000000000000E+00
            7.630000  0.00000000000000E+00  0.00000000000000E+00  0.00000000000000E+00  0.00000000000000E+00
            7.660000  0.00000000000000E+00  0.00000000000000E+00  0.00000000000000E+00  0.00000000000000E+00
            7.690000  0.00000000000000E+00  0.00000000000000E+00  0.00000000000000E+00  0.00000000000000E+00
            7.720000  0.00000000000000E+00  0.00000000000000E+00  0.00000000000000E+00  0.00000000000000E+00
            7.750000  0.00000000000000E+00  0.00000000000000E+00  0.00000000000000E+00  0.00000000000000E+00
            7.780000  0.00000000000000E+00  0.00000000000000E+00  0.00000000000000E+00  0.00000000000000E+00
            7.810000  0.00000000000000E+00  0.00000000000000E+00  0.00000000000000E+00  0.00000000000000E+00
            7.840000  0.00000000000000E+00  0.00000000000000E+00  0.00000000000000E+00  0.00000000000000E+00
            7.870000  0.00000000000000E+00  0.00000000000000E+00  0.00000000000000E+00  0.00000000000000E+00
            7.900000  0.00000000000000E+00  0.00000000000000E+00  0.00000000000000E+00  0.00000000000000E+00
            7.930000  0.00000000000000E+00  0.00000000000000E+00  0.00000000000000E+00  0.00000000000000E+00
            7.960000  0.00000000000000E+00  0.00000000000000E+00  0.00000000000000E+00  0.00000000000000E+00
            7.990000  0.00000000000000E+00  0.00000000000000E+00  0.00000000000000E+00  0.00000000000000E+00
            8.020000  0.00000000000000E+00  0.00000000000000E+00  0.00000000000000E+00  0.00000000000000E+00
            8.050000  0.00000000000000E+00  0.00000000000000E+00  0.00000000000000E+00  0.00000000000000E+00
            8.080000  0.00000000000000E+00  0.00000000000000E+00  0.00000000000000E+00  0.00000000000000E+00
            8.110000  0.00000000000000E+00  0.00000000000000E+00  0.00000000000000E+00  0.00000000000000E+00
            8.140000  0.00000000000000E+00  0.00000000000000E+00  0.00000000000000E+00  0.00000000000000E+00
            8.170000  0.00000000000000E+00  0.00000000000000E+00  0.00000000000000E+00  0.00000000000000E+00
            8.200000  0.00000000000000E+00  0.00000000000000E+00  0.00000000000000E+00  0.00000000000000E+00
            8.230000  0.00000000000000E+00  0.00000000000000E+00  0.00000000000000E+00  0.00000000000000E+00
            8.260000  0.00000000000000E+00  0.00000000000000E+00  0.00000000000000E+00  0.00000000000000E+00
            8.290000  0.00000000000000E+00  0.00000000000000E+00  0.00000000000000E+00  0.00000000000000E+00
            8.320000  0.00000000000000E+00  0.00000000000000E+00  0.00000000000000E+00  0.00000000000000E+00
            8.350000  0.00000000000000E+00  0.00000000000000E+00  0.00000000000000E+00  0.00000000000000E+00
            8.380000  0.00000000000000E+00  0.00000000000000E+00  0.00000000000000E+00  0.00000000000000E+00
            8.410000  0.00000000000000E+00  0.00000000000000E+00  0.00000000000000E+00  0.00000000000000E+00
            8.440000  0.00000000000000E+00  0.00000000000000E+00  0.00000000000000E+00  0.00000000000000E+00
            8.470000  0.00000000000000E+00  0.00000000000000E+00  0.00000000000000E+00  0.00000000000000E+00
            8.500000  0.00000000000000E+00  0.00000000000000E+00  0.00000000000000E+00  0.00000000000000E+00
            8.530000  0.00000000000000E+00  0.00000000000000E+00  0.00000000000000E+00  0.00000000000000E+00
            8.560000  0.00000000000000E+00  0.00000000000000E+00  0.00000000000000E+00  0.00000000000000E+00
            8.590000  0.00000000000000E+00  0.00000000000000E+00  0.00000000000000E+00  0.00000000000000E+00
            8.620000  0.00000000000000E+00  0.00000000000000E+00  0.00000000000000E+00  0.00000000000000E+00
            8.650000  0.00000000000000E+00  0.00000000000000E+00  0.00000000000000E+00  0.00000000000000E+00
            8.680000  0.00000000000000E+00  0.00000000000000E+00  0.00000000000000E+00  0.00000000000000E+00
            8.710000  0.00000000000000E+00  0.00000000000000E+00  0.00000000000000E+00  0.00000000000000E+00
            8.740000  0.00000000000000E+00  0.00000000000000E+00  0.00000000000000E+00  0.00000000000000E+00
            8.770000  0.00000000000000E+00  0.00000000000000E+00  0.00000000000000E+00  0.00000000000000E+00
            8.800000  0.00000000000000E+00  0.00000000000000E+00  0.00000000000000E+00  0.00000000000000E+00
            8.830000  0.00000000000000E+00  0.00000000000000E+00  0.00000000000000E+00  0.00000000000000E+00
            8.860000  0.00000000000000E+00  0.00000000000000E+00  0.00000000000000E+00  0.00000000000000E+00
            8.890000  0.00000000000000E+00  0.00000000000000E+00  0.00000000000000E+00  0.00000000000000E+00
            8.920000  0.00000000000000E+00  0.00000000000000E+00  0.00000000000000E+00  0.00000000000000E+00
            8.950000  0.00000000000000E+00  0.00000000000000E+00  0.00000000000000E+00  0.00000000000000E+00
            8.980000  0.00000000000000E+00  0.00000000000000E+00  0.00000000000000E+00  0.00000000000000E+00
            9.010000  0.00000000000000E+00  0.00000000000000E+00  0.00000000000000E+00  0.00000000000000E+00
            9.040000  0.00000000000000E+00  0.00000000000000E+00  0.00000000000000E+00  0.00000000000000E+00
            9.070000  0.00000000000000E+00  0.00000000000000E+00  0.00000000000000E+00  0.00000000000000E+00
            9.100000  0.00000000000000E+00  0.00000000000000E+00  0.00000000000000E+00  0.00000000000000E+00
            9.130000  0.00000000000000E+00  0.00000000000000E+00  0.00000000000000E+00  0.00000000000000E+00
            9.160000  0.00000000000000E+00  0.00000000000000E+00  0.00000000000000E+00  0.00000000000000E+00
            9.190000  0.00000000000000E+00  0.00000000000000E+00  0.00000000000000E+00  0.00000000000000E+00
            9.220000  0.00000000000000E+00  0.00000000000000E+00  0.00000000000000E+00  0.00000000000000E+00
            9.250000  0.00000000000000E+00  0.00000000000000E+00  0.00000000000000E+00  0.00000000000000E+00
            9.280000  0.00000000000000E+00  0.00000000000000E+00  0.00000000000000E+00  0.00000000000000E+00
            9.310000  0.00000000000000E+00  0.00000000000000E+00  0.00000000000000E+00  0.00000000000000E+00
            9.340000  0.00000000000000E+00  0.00000000000000E+00  0.00000000000000E+00  0.00000000000000E+00
            9.370000  0.00000000000000E+00  0.00000000000000E+00  0.00000000000000E+00  0.00000000000000E+00
            9.400000  0.00000000000000E+00  0.00000000000000E+00  0.00000000000000E+00  0.00000000000000E+00
            9.430000  0.00000000000000E+00  0.00000000000000E+00  0.00000000000000E+00  0.00000000000000E+00
            9.460000  0.00000000000000E+00  0.00000000000000E+00  0.00000000000000E+00  0.00000000000000E+00
            9.490000  0.00000000000000E+00  0.00000000000000E+00  0.00000000000000E+00  0.00000000000000E+00
            9.520000  0.00000000000000E+00  0.00000000000000E+00  0.00000000000000E+00  0.00000000000000E+00
            9.550000  0.00000000000000E+00  0.00000000000000E+00  0.00000000000000E+00  0.00000000000000E+00
            9.580000  0.00000000000000E+00  0.00000000000000E+00  0.00000000000000E+00  0.00000000000000E+00
            9.610000  0.00000000000000E+00  0.00000000000000E+00  0.00000000000000E+00  0.00000000000000E+00
            9.640000  0.00000000000000E+00  0.00000000000000E+00  0.00000000000000E+00  0.00000000000000E+00
            9.670000  0.00000000000000E+00  0.00000000000000E+00  0.00000000000000E+00  0.00000000000000E+00
            9.700000  0.00000000000000E+00  0.00000000000000E+00  0.00000000000000E+00  0.00000000000000E+00
            9.730000  0.00000000000000E+00  0.00000000000000E+00  0.00000000000000E+00  0.00000000000000E+00
            9.760000  0.00000000000000E+00  0.00000000000000E+00  0.00000000000000E+00  0.00000000000000E+00
            9.790000  0.00000000000000E+00  0.00000000000000E+00  0.00000000000000E+00  0.00000000000000E+00
            9.820000  0.00000000000000E+00  0.00000000000000E+00  0.00000000000000E+00  0.00000000000000E+00
            9.850000  0.00000000000000E+00  0.00000000000000E+00  0.00000000000000E+00  0.00000000000000E+00
            9.880000  0.00000000000000E+00  0.00000000000000E+00  0.00000000000000E+00  0.00000000000000E+00
            9.910000  0.00000000000000E+00  0.00000000000000E+00  0.00000000000000E+00  0.00000000000000E+00
            9.940000  0.00000000000000E+00  0.00000000000000E+00  0.00000000000000E+00  0.00000000000000E+00
            9.970000  0.00000000000000E+00  0.00000000000000E+00  0.00000000000000E+00  0.00000000000000E+00
           10.000000  0.00000000000000E+00  0.00000000000000E+00  0.00000000000000E+00  0.00000000000000E+00
           10.030000  0.00000000000000E+00  0.00000000000000E+00  0.00000000000000E+00  0.00000000000000E+00
           10.060000  0.00000000000000E+00  0.00000000000000E+00  0.00000000000000E+00  0.00000000000000E+00
           10.090000  0.00000000000000E+00  0.00000000000000E+00  0.00000000000000E+00  0.00000000000000E+00
           10.120000  0.00000000000000E+00  0.00000000000000E+00  0.00000000000000E+00  0.00000000000000E+00
           10.150000  0.00000000000000E+00  0.00000000000000E+00  0.00000000000000E+00  0.00000000000000E+00
           10.180000  0.00000000000000E+00  0.00000000000000E+00  0.00000000000000E+00  0.00000000000000E+00
           10.210000  0.00000000000000E+00  0.00000000000000E+00  0.00000000000000E+00  0.00000000000000E+00
           10.240000  0.00000000000000E+00  0.00000000000000E+00  0.00000000000000E+00  0.00000000000000E+00
           10.270000  0.00000000000000E+00  0.00000000000000E+00  0.00000000000000E+00  0.00000000000000E+00
           10.300000  0.00000000000000E+00  0.00000000000000E+00  0.00000000000000E+00  0.00000000000000E+00
           10.330000  0.00000000000000E+00  0.00000000000000E+00  0.00000000000000E+00  0.00000000000000E+00
           10.360000  0.00000000000000E+00  0.00000000000000E+00  0.00000000000000E+00  0.00000000000000E+00
           10.390000  0.00000000000000E+00  0.00000000000000E+00  0.00000000000000E+00  0.00000000000000E+00
           10.420000  0.00000000000000E+00  0.00000000000000E+00  0.00000000000000E+00  0.00000000000000E+00
           10.450000  0.00000000000000E+00  0.00000000000000E+00  0.00000000000000E+00  0.00000000000000E+00
           10.480000  0.00000000000000E+00  0.00000000000000E+00  0.00000000000000E+00  0.00000000000000E+00
           10.510000  0.00000000000000E+00  0.00000000000000E+00  0.00000000000000E+00  0.00000000000000E+00
           10.540000  0.00000000000000E+00  0.00000000000000E+00  0.00000000000000E+00  0.00000000000000E+00
           10.570000  0.00000000000000E+00  0.00000000000000E+00  0.00000000000000E+00  0.00000000000000E+00
           10.600000  0.00000000000000E+00  0.00000000000000E+00  0.00000000000000E+00  0.00000000000000E+00
           10.630000  0.00000000000000E+00  0.00000000000000E+00  0.00000000000000E+00  0.00000000000000E+00
           10.660000  0.00000000000000E+00  0.00000000000000E+00  0.00000000000000E+00  0.00000000000000E+00
           10.690000  0.00000000000000E+00  0.00000000000000E+00  0.00000000000000E+00  0.00000000000000E+00
           10.720000  0.00000000000000E+00  0.00000000000000E+00  0.00000000000000E+00  0.00000000000000E+00
           10.750000  0.00000000000000E+00  0.00000000000000E+00  0.00000000000000E+00  0.00000000000000E+00
           10.780000  0.84018520644910E-08  0.20337797152843E-07  0.14821880499654E-08  0.10073945755766E-07
           10.810000  0.37935093334228E-03  0.10713579375395E-02  0.10481853622433E-03  0.51850913570204E-03
           10.840000  0.32314417582137E-04  0.78127183996033E-04  0.11052926662396E-04  0.40498176080188E-04
           10.870000  0.80641761571524E-03  0.16380674137026E-02  0.34046394515303E-03  0.92831632485695E-03
           10.900000  0.11154912578719E-03  0.48982285102595E-03  0.17393265721769E-03  0.25843487801028E-03
           10.930000  0.30315091426253E-03  0.13773518356597E-02  0.11772860681799E-03  0.59941045224675E-03
           10.960000  0.19650672056913E-03  0.61402209467338E-03  0.20077820046276E-03  0.33710233856842E-03
           10.990000  0.20871211105475E-03  0.11401770096791E-02  0.37330722588286E-03  0.57406544887225E-03
           11.020000  0.46795862879860E-03  0.10996683069733E-02  0.37459724325559E-03  0.64740805967582E-03
           11.050000  0.11498112897125E-02  0.23390351314763E-02  0.96413872656919E-03  0.14843283825860E-02
           11.080000  0.10979706590766E-02  0.63853419560061E-03  0.74925457787212E-03  0.82858647751644E-03
           11.110000  0.16578458395317E-03  0.23194913322840E-03  0.12550604645715E-03  0.17441325454624E-03
           11.140000  0.29113471277888E-02  0.32372923979680E-02  0.24038750687514E-02  0.28508381981694E-02
           11.170000  0.14350214893922E-02  0.10679372752404E-02  0.69911502640087E-03  0.10673579303445E-02
           11.200000  0.28345685916740E-03  0.18512944250018E-02  0.87232303896098E-03  0.10023581077101E-02
           11.230000  0.51575739510093E-02  0.37780402067016E-02  0.35324636666642E-02  0.41560259414584E-02
           11.260000  0.40385150157247E-02  0.34219078777954E-02  0.20748164314551E-02  0.31784131083251E-02
           11.290000  0.62753041629228E-02  0.12838824711619E-01  0.53006914093748E-02  0.81382734279722E-02
           11.320000  0.34567785183285E-02  0.54202198552548E-02  0.32197769910688E-02  0.40322584548841E-02
           11.350000  0.57804297073836E-02  0.40390644655348E-02  0.36020284572989E-02  0.44738408767391E-02
           11.380000  0.25757576278326E-02  0.10710243237246E-02  0.10355265660994E-02  0.15607695058856E-02
           11.410000  0.40562003710064E-02  0.68422200432333E-02  0.25327167368527E-02  0.44770457170308E-02
           11.440000  0.57982734584736E-02  0.92582520075015E-02  0.72321220623042E-02  0.74295491760931E-02
           11.470000  0.59941235638717E-02  0.75425101954994E-02  0.60040117706440E-02  0.65135485100050E-02
           11.500000  0.54108621428820E-02  0.10320954413558E-01  0.46682933850927E-02  0.68000366471777E-02
           11.530000  0.59814488784992E-02  0.67120185027376E-02  0.60221467381175E-02  0.62385380397848E-02
           11.560000  0.10760844429844E-01  0.99655461758358E-02  0.71119866948144E-02  0.92794591001649E-02
           11.590000  0.53828560326945E-02  0.10255582734923E-01  0.73053678537344E-02  0.76479355404505E-02
           11.620000  0.66966991093863E-02  0.54987235597780E-02  0.34905629979936E-02  0.52286618890526E-02
           11.650000  0.10043140655638E-01  0.99012569446334E-02  0.87498221435540E-02  0.95647399146085E-02
           11.680000  0.72099147210390E-02  0.11648086860824E-01  0.84232583813732E-02  0.90937533210787E-02
           11.710000  0.33204835571549E-02  0.83355308279582E-02  0.38682739994569E-02  0.51747627948567E-02
           11.740000  0.63065874266728E-02  0.54168711598507E-02  0.47395494684144E-02  0.54876693516460E-02
           11.770000  0.12032989190258E-01  0.12487066300336E-01  0.12331531166969E-01  0.12283862219188E-01
           11.800000  0.93826741754113E-02  0.97860463788791E-02  0.11617295862537E-01  0.10262005472276E-01
           11.830000  0.21035118318407E-01  0.27079709082964E-01  0.17620801857823E-01  0.21911876419731E-01
           11.860000  0.72942042938928E-02  0.94764396349746E-02  0.53642803184438E-02  0.73783080824371E-02
           11.890000  0.22602642833166E-01  0.20516294695769E-01  0.15502017398222E-01  0.19540318309053E-01
           11.920000  0.20087437119783E-01  0.23393253127893E-01  0.15980133263423E-01  0.19820274503699E-01
           11.950000  0.15892686955265E-01  0.15243247910938E-01  0.10580920299324E-01  0.13905618388509E-01
           11.980000  0.37791947245972E-01  0.37930201804322E-01  0.23367385420021E-01  0.33029844823438E-01
           12.010000  0.32318059598411E-01  0.40290737331566E-01  0.21315828896556E-01  0.31308208608845E-01
           12.040000  0.31557237765015E-01  0.39550158242480E-01  0.25254953178195E-01  0.32120783061897E-01
           12.070000  0.57315286860362E-01  0.43089245357572E-01  0.34614863602007E-01  0.45006465273314E-01
           12.100000  0.39919695967933E-01  0.51857054849191E-01  0.36566175096371E-01  0.42780975304498E-01
           12.130000  0.36615191750010E-01  0.51555891182121E-01  0.31087693178290E-01  0.39752925370141E-01
           12.160000  0.46831466020182E-01  0.38781384989825E-01  0.26777878311276E-01  0.37463576440428E-01
           12.190000  0.46534659764871E-01  0.61973937631955E-01  0.38410683561003E-01  0.48973093652609E-01
           12.220000  0.41779786673099E-01  0.52676338094694E-01  0.28292164690637E-01  0.40916096486143E-01
           12.250000  0.39397651018751E-01  0.51436935840156E-01  0.34794941457480E-01  0.41876509438796E-01
           12.280000  0.41518453556901E-01  0.61694384538606E-01  0.32230262131154E-01  0.45147700075553E-01
           12.310000  0.51915102191739E-01  0.67031372425530E-01  0.32915670009461E-01  0.50620714875576E-01
           12.340000  0.38308857291475E-01  0.48666564831756E-01  0.35847866355473E-01  0.40941096159568E-01
           12.370000  0.62467333631267E-01  0.56883861004913E-01  0.46323072972768E-01  0.55224755869649E-01
           12.400000  0.59928943343136E-01  0.46382168048967E-01  0.33073277575883E-01  0.46461462989328E-01
