energy epsilon1 epsilon2
0.1 13.536127887201383 16.477022996639
0.13 7.041354733657926 13.582376590639
0.16 3.7823834805198717 12.577115412831
0.19 1.75445827611176 10.122052773871
0.22 0.8991415930657689 8.6377585918775
0.25 0.13821934411879613 8.1784547871901
0.28 -0.6708122017616611 7.23596804693
0.31 -1.169949744125097 6.193514194819
0.34 -1.5153641619158218 5.5183788843706
0.37 -1.8486142615264218 4.7797663082958
0.4 -2.0283203922023874 3.8633863574872
0.43 -1.908196965191065 2.9064075821846
0.46 -1.5807864722034917 2.342971272082
0.49 -1.2728245217583534 2.091083993441
0.52 -1.023022721069021 1.8874003189496
0.55 -0.7854395597026319 1.7629918618968
0.58 -0.5820147364201113 1.7617289749602
0.61 -0.4581100839169877 1.8544792138074
0.64 -0.4047390705268842 1.9370739666192
0.67 -0.42788444631427697 2.0873395960354
0.7 -0.5343137635780348 2.1847439085042
0.73 -0.6998824877378453 2.2504716371455
0.76 -0.9268978299665489 2.2576862947677
0.79 -1.1470264400587493 2.0849325715264
0.82 -1.3214335140348172 1.9003797702223
0.85 -1.4476465714132976 1.6307654783431
0.88 -1.5124971063014443 1.3661979117168
0.91 -1.5178186409829353 1.0748900110771
0.94 -1.4659207224092243 0.82072349128565
0.97 -1.3584816907764472 0.57082829586241
1.0 -1.2092425256175146 0.41075037825807
1.03 -1.0691307693731655 0.33340408964814
1.06 -0.9576924692223451 0.27716181648332
1.09 -0.8511110568806445 0.20038913060877
1.12 -0.7318104356856687 0.14531464594646
1.15 -0.6197761382123949 0.13937709773368
1.18 -0.5272373526795137 0.14040605910428
1.21 -0.43764646289092696 0.1326329491763
1.24 -0.3518789194247751 0.15785456097815
1.27 -0.2807789221499415 0.1925172775724
1.3 -0.2197580592801655 0.23166751625842
1.33 -0.1711490630238015 0.28794427330871
1.36 -0.1386449831376918 0.34897965073242
1.39 -0.12349419769697814 0.41934210052152
1.42 -0.13403289852889608 0.49875249141946
1.45 -0.1710191456630575 0.56283501621428
1.48 -0.23405386038702491 0.61639506020983
1.51 -0.3152947579201462 0.62337370195407
1.54 -0.3949789414478025 0.58479243246421
1.57 -0.44443365521802963 0.48664345535487
1.6 -0.4548308735735741 0.39703395921247
1.63 -0.43777615738600945 0.30859707940991
1.66 -0.3887876228006018 0.22425020687618
1.69 -0.31766686904109753 0.18331919018689
1.72 -0.24283611189158125 0.17486436796887
1.75 -0.17518825499222296 0.19905542513432
1.78 -0.12137858812883574 0.24169315962743
1.81 -0.08190261499265983 0.29915636123548
1.84 -0.0656258868181492 0.38115483217079
1.87 -0.08567669988678252 0.46949590038803
1.9 -0.12676485387046685 0.51496409943596
1.93 -0.17738036392913348 0.55937093223705
1.96 -0.23924744416603724 0.5787215200749
1.99 -0.30354235315374556 0.57634734954917
2.02 -0.36101586825197785 0.54745612733471
2.05 -0.40430840256324274 0.50734598604605
2.08 -0.44132209091338104 0.47439889904276
2.11 -0.4704257208727161 0.4188763271282
2.14 -0.48180171796589655 0.36188004169132
2.17 -0.4883737002017045 0.32613262947483
2.2 -0.488101166648062 0.26764365050702
2.23 -0.4758309318502305 0.22662354502001
2.26 -0.45907880554559877 0.18796460241363
2.29 -0.43668582473778644 0.15559314295236
2.32 -0.40979931953903304 0.13127083119183
2.35 -0.38324917071640435 0.12149207600504
2.38 -0.36047993332070527 0.11708576882458
2.41 -0.3426123320629302 0.12075512710848
2.44 -0.3340939298565539 0.13057076815579
2.47 -0.3331077461782742 0.1317335815614
2.5 -0.3349476171871539 0.12874147331878
2.53 -0.3385426943556186 0.12064170796055
2.56 -0.34105639284112493 0.10482758907695
2.59 -0.3387330747719537 0.083354786518439
2.62 -0.3295880217095394 0.061050579150931
2.65 -0.3163381129641823 0.04576437147966
2.68 -0.3017281692219449 0.032554373787872
2.71 -0.2855016043118616 0.022077227733229
2.74 -0.268449946922296 0.015913164530282
2.77 -0.2531064299640167 0.015550242853393
2.8 -0.24092725139051188 0.016075055129051
2.83 -0.2296600456891074 0.01406519115623
2.86 -0.21851494685643405 0.014576733016592
2.89 -0.20876144134394703 0.016129634399778
2.92 -0.1997238050681475 0.016808664417366
2.95 -0.19125264748185744 0.019086211993082
2.98 -0.18390349928633998 0.021451433253324
3.01 -0.17633651905371242 0.022266352076289
3.04 -0.16846442786694155 0.025915917403884
3.07 -0.16190419344140658 0.03167444131762
3.1 -0.15661588923354433 0.037771864377346
3.13 -0.1532955330407774 0.047177469233439
3.16 -0.15529517334572296 0.060155458590647
3.19 -0.1634850110880608 0.068431910079318
3.22 -0.17229485472967282 0.06566950272324
3.25 -0.17997746025697425 0.063526339375981
3.28 -0.18766102144371746 0.055573561094957
3.31 -0.18969853581453866 0.03830985872815
3.34 -0.18530848510681378 0.027162280445529
3.37 -0.18012838283493107 0.021710319459883
3.4 -0.17539596215259265 0.015912409102689
3.43 -0.17000708257603267 0.010641142277758
3.46 -0.16422073642788976 0.006844294585432
3.49 -0.15841048517913092 0.0038730873779702
3.52 -0.15261701048606305 0.0017588885260759
3.55 -0.14711530733980324 0.00071370907442539
3.58 -0.14213059088758367 0.00021032780435357
3.61 -0.137633940242998 6.2744086786823e-06
3.64 -0.13358722456761637 1.9677019637558e-18
3.67 -0.12991744848530334 0.0
3.7 -0.12652541946166856 0.0
3.73 -0.12335562011640003 0.0
3.76 -0.12037179626550805 0.0
3.79 -0.11754795641318543 0.0
3.82 -0.11486443385426107 0.0
3.85 -0.11230578589384273 0.0
3.88 -0.10985954561650711 0.0
3.91 -0.1075154261489724 0.0
3.94 -0.10526478704460521 0.0
3.97 -0.10310026230965924 0.0
4.0 -0.10101549295347648 0.0
4.03 -0.09900492971683542 0.0
4.06 -0.09706368438887983 0.0
4.09 -0.0951874156424961 0.0
4.12 -0.09337223993815795 0.0
4.15 -0.09161466098467588 0.0
4.18 -0.0899115131696627 0.0
4.21 -0.08825991566497382 0.0
4.24 -0.08665723479974911 0.0
4.27 -0.08510105291488008 0.0
4.3 -0.08358914235518346 0.0
4.33 -0.08211944357566651 0.0
4.36 -0.08069004657311496 0.0
4.39 -0.0792991750287831 0.0
4.42 -0.0779451726792065 0.0
4.45 -0.07662649153192767 0.0
4.48 -0.07534168161952079 0.0
4.51 -0.07408938204466797 0.0
4.54 -0.07286831311543815 0.0
4.57 -0.07167726940648744 0.0
4.6 -0.07051511361093979 0.0
4.63 -0.06938077107092487 0.0
4.66 -0.06827322489345114 0.0
4.69 -0.06719151157344044 0.0
4.72 -0.0661347170581019 0.0
4.75 -0.06510197319694648 0.0
4.78 -0.0640924545300944 0.0
4.81 -0.06310537537443767 0.0
4.84 -0.06213998717298346 0.0
4.87 -0.06119557607751967 0.0
4.9 -0.06027146073879186 0.0
4.93 -0.05936699028179929 0.0
4.96 -0.05848154244671096 0.0
4.99 -0.057614521878369566 0.0
5.02 -0.05676535854944987 0.0
5.05 -0.05593350630414651 0.0
5.08 -0.055118441510813826 0.0
5.11 -0.054319661813319216 0.0
5.14 -0.05353668497203142 0.0
5.17 -0.05276904778636923 0.0
5.2 -0.052016305091715974 0.0
5.23 -0.051278028824266665 0.0
5.26 -0.05055380714804885 0.0
5.29 -0.04984324363894605 0.0
5.32 -0.049145956521070115 0.0
5.35 -0.04846157795128988 0.0
5.38 -0.04778975334812571 0.0
5.41 -0.04713014076158013 0.0
5.44 -0.0464824102807954 0.0
5.47 -0.04584624347671109 0.0
5.5 -0.045221332877151334 0.0
5.53 -0.04460738147199768 0.0
5.56 -0.04400410224630625 0.0
5.59 -0.04341121773941293 0.0
5.62 -0.042828459628233895 0.0
5.65 -0.04225556833311672 0.0
5.68 -0.04169229264473178 0.0
5.71 -0.04113838937061572 0.0
5.74 -0.04059362300008623 0.0
5.77 -0.040057765386349455 0.0
5.8 -0.03953059544471013 0.0
5.83 -0.03901189886587727 0.0
5.86 -0.038501467843433286 0.0
5.89 -0.03799910081460364 0.0
5.92 -0.03750460221352471 0.0
5.95 -0.03701778223626681 0.0
5.98 -0.036538456616920706 0.0
6.01 -0.03606644641410357 0.0
6.04 -0.035601577807285845 0.0
6.07 -0.03514368190237956 0.0
6.1 -0.03469259454606734 0.0
6.13 -0.034248156148383856 0.0
6.16 -0.0338102115130959 0.0
6.19 -0.03337860967545342 0.0
6.22 -0.032953203746913975 0.0
6.25 -0.032533850766464825 0.0
6.28 -0.032120411558193895 0.0
6.31 -0.03171275059477825 0.0
6.34 -0.031310735866581625 0.0
6.37 -0.030914238756069898 0.0
6.4 -0.030523133917269886 0.0
6.43 -0.03013729916001484 0.0
6.46 -0.02975661533873163 0.0
6.49 -0.02938096624554215 0.0
6.52 -0.02901023850746099 0.0
6.55 -0.028644321487485688 0.0
6.58 -0.028283107189385936 0.0
6.61 -0.02792649016600836 0.0
6.64 -0.027574367430924774 0.0
6.67 -0.02722663837325801 0.0
6.7 -0.026883204675531305 0.0
6.73 -0.026543970234392526 0.0
6.76 -0.026208841084073037 0.0
6.79 -0.02587772532244761 0.0
6.82 -0.025550533039568796 0.0
6.85 -0.025227176248554563 0.0
6.88 -0.024907568818713272 0.0
6.91 -0.02459162641079745 0.0
6.94 -0.024279266414279632 0.0
6.97 -0.023970407886550953 0.0
7.0 -0.023664971493945575 0.0
7.03 -0.023362879454499594 0.0
7.06 -0.023064055482354923 0.0
7.09 -0.022768424733724486 0.0
7.12 -0.022475913754336142 0.0
7.15 -0.022186450428276897 0.0
7.18 -0.021899963928162108 0.0
7.21 -0.021616384666555237 0.0
7.24 -0.02133564424856877 0.0
7.27 -0.021057675425576336 0.0
7.3 -0.0207824120499702 0.0
7.33 -0.02050978903089872 0.0
7.36 -0.02023974229092104 0.0
7.39 -0.01997220872351708 0.0
7.42 -0.01970712615139245 0.0
7.45 -0.019444433285519352 0.0
7.48 -0.019184069684855032 0.0
7.51 -0.018925975716680414 0.0
7.54 -0.01867009251750286 0.0
7.57 -0.018416361954466002 0.0
7.6 -0.018164726587211986 0.0
7.63 -0.017915129630140268 0.0
7.66 -0.01766751491500711 0.0
7.69 -0.017421826853811582 0.0
7.72 -0.01717801040191111 0.0
7.75 -0.0169360110213114 0.0
7.78 -0.016695774644073874 0.0
7.81 -0.01645724763578295 0.0
7.84 -0.01622037675901569 0.0
7.87 -0.015985109136753082 0.0
7.9 -0.015751392215673985 0.0
7.93 -0.01551917372926786 0.0
7.96 -0.01528840166070334 0.0
7.99 -0.01505902420538631 0.0
8.02 -0.014830989733139293 0.0
8.05 -0.014604246749931653 0.0
8.08 -0.014378743859087136 0.0
8.11 -0.014154429721892127 0.0
8.14 -0.013931253017524832 0.0
8.17 -0.013709162402221739 0.0
8.2 -0.013488106467593883 0.0
8.23 -0.013268033698000304 0.0
8.26 -0.013048892426881746 0.0
8.29 -0.012830630791951857 0.0
8.32 -0.012613196689137818 0.0
8.35 -0.012396537725154724 0.0
8.38 -0.012180601168592074 0.0
8.41 -0.011965333899382516 0.0
8.44 -0.01175068235651422 0.0
8.47 -0.01153659248383951 0.0
8.5 -0.011323009673822142 0.0
8.53 -0.011109878709053517 0.0
8.56 -0.010897143701358173 0.0
8.59 -0.010684748028292798 0.0
8.62 -0.01047263426683084 0.0
8.65 -0.010260744124007187 0.0
8.68 -0.010049018364280928 0.0
8.71 -0.009837396733353605 0.0
8.74 -0.00962581787816076 0.0
8.77 -0.009414219262730037 0.0
8.8 -0.009202537079573653 0.0
8.83 -0.008990706156255005 0.0
8.86 -0.008778659856737774 0.0
8.89 -0.008566329977090644 0.0
8.92 -0.008353646635083735 0.0
8.95 -0.008140538153169124 0.0
8.98 -0.007926930934291303 0.0
9.01 -0.007712749329921319 0.0
9.04 -0.007497915499649426 0.0
9.07 -0.007282349261606731 0.0
9.1 -0.007065967932913462 0.0
9.13 -0.006848686159270359 0.0
9.16 -0.0066304157327192245 0.0
9.19 -0.006411065396495766 0.0
9.22 -0.006190540635784307 0.0
9.25 -0.005968743453053597 0.0
9.28 -0.005745572126507336 0.0
9.31 -0.00552092095001792 0.0
9.34 -0.005294679952724122 0.0
9.37 -0.00506673459626006 0.0
9.4 -0.0048369654473404645 0.0
9.43 -0.0046052478231486905 0.0
9.46 -0.004371451406655652 0.0
9.49 -0.004135439828632461 0.0
9.52 -0.0038970702126969953 0.0
9.55 -0.0036561926792466827 0.0
9.58 -0.0034126498035642974 0.0
9.61 -0.003166276022722355 0.0
9.64 -0.0029168969851430552 0.0
9.67 -0.0026643288357637318 0.0
9.7 -0.0024083774286929437 0.0
9.73 -0.0021488374579795165 0.0
9.76 -0.0018854914956158604 0.0
9.79 -0.0016181089241016073 0.0
9.82 -0.001346444748737616 0.0
9.85 -0.0010702382722121903 0.0
9.88 -0.0007892116108703405 0.0
9.91 -0.0005030680281733602 0.0
9.94 -0.00021149005606662844 0.0
9.97 8.586263098014377e-05 0.0
10.0 0.00038935563195877353 0.0
10.03 0.0006993825774771035 0.0
10.06 0.0010163682942944691 0.0
10.09 0.0013407724560547056 0.0
10.12 0.0016730938204567011 0.0
10.15 0.0020138751802093484 0.0
10.18 0.0023637091916650864 0.0
10.21 0.0027232452951890026 0.0
10.24 0.00309319801159616 0.0
10.27 0.0034743569998376966 0.0
10.3 0.003867599410006218 0.0
10.33 0.004273905293319803 0.0
10.36 0.004694377194185649 0.0
10.39 0.005130265664796044 0.0
10.42 0.005583003579940182 4.1594441105923e-28
10.45 0.006054254577803422 4.239017608977e-11
10.48 0.006545984557344507 3.8034023100336e-09
10.51 0.00706056844473862 3.7123059488608e-08
10.54 0.007600964655369734 1.8974043453327e-07
10.57 0.008170920168748675 8.7074822858819e-07
10.6 0.00877548290368584 2.9563053528345e-06
10.63 0.009418584156960303 1.2781230080587e-05
10.66 0.01010572149404011 2.9335163583938e-05
10.69 0.010839308951313919 6.83615411106e-05
10.72 0.011623149066754093 0.00012254073817024
10.75 0.012471999255400145 0.00019913819276878
10.78 0.013377871840355922 0.00035413368563559
10.81 0.014332419762393531 0.0005604988864866
10.84 0.015307544383388594 0.00089242504924054
10.87 0.016296266982678876 0.0012410855847592
10.9 0.017284867893657515 0.0017091217226128
10.93 0.018317979947501076 0.0020926783419564
10.96 0.019393094928920534 0.0026924578053053
10.99 0.020468946792312703 0.0032925811525098
11.02 0.021587258117511717 0.0039891366510828
11.05 0.022700205124933835 0.0048507195848646
11.08 0.023741721293922324 0.0058171035181469
11.11 0.024876054617210368 0.0065578249412866
11.14 0.026151626603006354 0.0077153465450053
11.17 0.02714576847632984 0.0095000205081351
11.2 0.02782051195763432 0.01088120643155
11.23 0.028652724384507576 0.0118633003132
11.26 0.029544199413635862 0.013477813060779
11.29 0.03022067295503522 0.015085142423972
11.32 0.030763943728600987 0.01661584863238
11.35 0.031472168964439114 0.017718206183333
11.38 0.03234907552178671 0.019418351733142
11.41 0.03290155539744227 0.021622491057069
11.44 0.0332191427609587 0.023290934935272
11.47 0.033764109141394966 0.024745407847036
11.5 0.034128931878499184 0.027165508095871
11.53 0.03431788949380359 0.028656681094846
11.56 0.034970725595300546 0.030139350185404
11.59 0.035213738438745194 0.033315347606718
11.62 0.03521177563299337 0.034685123625947
11.65 0.035481459436262984 0.037033716822792
11.68 0.035363955374667654 0.039500655897105
11.71 0.03539830069459858 0.04093583501434
11.74 0.035772965691042845 0.043107029630372
11.77 0.03636081493525404 0.045123478489124
11.8 0.03698803327189208 0.048262444779744
11.83 0.0371317408791265 0.051791172971642
11.86 0.037218052751366984 0.054703648827306
11.89 0.03718315250732397 0.058700754965672
11.92 0.037066669503753404 0.061978937184322
11.95 0.037202607933713924 0.066079031136184
11.98 0.03703090815417298 0.071185411294285
12.01 0.036952523606764716 0.075886493565815
12.04 0.03633659530449839 0.083609049692999
12.07 0.03462428583615091 0.09099764755533
12.1 0.03138641143126508 0.10089957444498
12.13 0.026425981228401986 0.10957376739467
12.16 0.019541079571139625 0.12017032556344
12.19 0.010606998183201112 0.12881118666568
12.22 -0.0008672840219386513 0.1390819445501
12.25 -0.013567265199175548 0.14384865834174
12.28 -0.0271699046400967 0.15252718600969
12.31 -0.046436004706849644 0.16407524899996
12.34 -0.07244241666319255 0.17088132562731
12.37 -0.10794228860304926 0.17764814474732
12.4 -0.17723668506568138 0.18974068154331
