energy epsilon1 epsilon2
0.1 21.51891394638978 16.006985421123
0.11 14.725663670348899 12.904252422905
0.12 12.077457464689841 9.6844595372778
0.13 10.997902716349602 7.9502284895083
0.14 10.627738639878853 6.2355373584457
0.15 10.363665371842602 5.9783842130108
0.16 10.032599539781108 4.9401568517635
0.17 10.05087142617403 4.1979716579148
0.18 9.910187613942705 4.1710461264182
0.19 9.777769326137017 3.2911234641723
0.2 9.852481302746826 2.9486877086988
0.21 10.021208761102137 2.4138536273263
0.22 10.061135784595328 2.6298114294494
0.23 9.969049712274725 2.1778555026358
0.24 10.10605136116356 1.7954479875999
0.25 10.158944637686806 1.9148491318238
0.26 10.101307580130307 1.6343741671196
0.27 10.174280283544023 1.3270714650361
0.28 10.28553145239178 1.2143179906683
0.29 10.341596140242183 1.1248854234798
0.3 10.437304548061778 0.89822543045901
0.31 10.551281212474644 0.88562762949625
0.32 10.605509036200818 0.83999175707284
0.33 10.649035718246479 0.76129371166815
0.34 10.740532652756118 0.62571306491547
0.35 10.80734233577062 0.69509171097493
0.36 10.837344940057703 0.60668122455544
0.37 10.878910622460982 0.59381794901559
0.38 10.913312204770879 0.52867489446837
0.39 10.96829188674531 0.47193594163362
0.4 11.037590795931944 0.43464729783397
0.41 11.092136651261296 0.45785732282742
0.42 11.11530629180856 0.46879367378315
0.43 11.130017122294364 0.45122436824228
0.44 11.156781571200083 0.41947823083168
0.45 11.177261926423853 0.43158269296023
0.46 11.181853010921795 0.41323419118413
0.47 11.19609820352831 0.37074283571738
0.48 11.23762486469517 0.32151443554769
0.49 11.267885025188985 0.35738507223823
0.5 11.281018640177804 0.33128529869754
0.51 11.293068462747884 0.33743447743231
0.52 11.309846608405566 0.29597568823968
0.53 11.325597719174688 0.30866878122146
0.54 11.33975419489588 0.26549944434396
0.55 11.370137797518845 0.24887230864063
0.56 11.40003477825475 0.24227321787662
0.57 11.419836043017787 0.25325178011507
0.58 11.427719272055661 0.24972470524691
0.59 11.446672007567606 0.21613938068051
0.6 11.475294934068899 0.21468683763126
0.61 11.498029630215603 0.21598160553841
0.62 11.510944161519435 0.22593466304774
0.63 11.527683899790798 0.20271570394866
0.64 11.550664906368558 0.20790775643411
0.65 11.574335295151965 0.20074052842744
0.66 11.589647606766288 0.22849551392395
0.67 11.596787847297033 0.22273340962782
0.68 11.602332487722023 0.23369072686147
0.69 11.60804060140214 0.21534638170583
0.7 11.633371965411111 0.19174456188713
0.71 11.654396214876629 0.21976266120494
0.72 11.666695501017387 0.21118974479553
0.73 11.693262176301749 0.20727725271629
0.74 11.711200504244228 0.24755203486016
0.75 11.71448873654256 0.26648079692947
0.76 11.683597477601149 0.3288600536549
0.77 11.661407874307345 0.24504297642655
0.78 11.693742494539379 0.21252974088445
0.79 11.715806873854765 0.24872381339653
0.8 11.73114846844115 0.23735533803539
0.81 11.709293096102773 0.3241282834509
0.82 11.697014295739686 0.21636991360641
0.83 11.721690154869796 0.24486876186207
0.84 11.715731083797293 0.2504923732346
0.85 11.723425592937293 0.2054964752015
0.86 11.751341601956549 0.19997986232066
0.87 11.762084756996563 0.2280381114575
0.88 11.76601882692703 0.21115143083557
0.89 11.769398669428087 0.22133657425005
0.9 11.780101176090698 0.18367143704803
0.91 11.806007670725156 0.18228927577093
0.92 11.826485209526703 0.18979264523891
0.93 11.837243610148608 0.2060017136622
0.94 11.833624444658616 0.21738324318258
0.95 11.842249767702235 0.17871646428085
0.96 11.861443469014793 0.18752284970156
0.97 11.877021149296286 0.17637709139334
0.98 11.895897849221692 0.17917505825693
0.99 11.911169798335356 0.18260404724808
1.0 11.925273150853442 0.18293694055092
1.01 11.94427283618189 0.17791175304612
1.02 11.960412897741689 0.19511432017547
1.03 11.96637760261434 0.20312689445869
1.04 11.977396906757857 0.19118520435672
1.05 11.991379367083635 0.19913323894917
1.06 12.004160716030896 0.19453111687769
1.07 12.015778579366907 0.20193973015609
1.08 12.028742721350739 0.19120879263655
1.09 12.04308996295744 0.19600720835567
1.1 12.061972998301576 0.17919245903214
1.11 12.085599877001854 0.18621967539557
1.12 12.105615677850064 0.18755765987667
1.13 12.127043273716861 0.18977588892996
1.14 12.145478774908325 0.19866653040546
1.15 12.169386318791615 0.18743143737385
1.16 12.198911005443726 0.20051412772792
1.17 12.223351498562389 0.21620886616037
1.18 12.232238703209372 0.24898965256459
1.19 12.243779724821303 0.22634175759605
1.2 12.269420264739143 0.23184233818229
1.21 12.301886198949651 0.22443736977256
1.22 12.338799800580011 0.24843122208984
1.23 12.353281357057401 0.29614828911995
1.24 12.359436716712977 0.29210189687839
1.25 12.389689489598465 0.27796250490091
1.26 12.412119221296964 0.32757143252244
1.27 12.425211218757976 0.31683042775634
1.28 12.455827680576236 0.3167385552125
1.29 12.499903810039863 0.31795626115981
1.3 12.54209452867942 0.36384938503995
1.31 12.551309574267275 0.42697325005882
1.32 12.570191867463537 0.39600850854718
1.33 12.609608808000381 0.43686621703571
1.34 12.632416285119639 0.47502375849013
1.35 12.652693369532345 0.49655358540915
1.36 12.679658406918156 0.51520402405168
1.37 12.720159959079504 0.52987767068385
1.38 12.751581304988866 0.59609915511422
1.39 12.784004715273191 0.60288698600805
1.4 12.836790336178307 0.65209107796179
1.41 12.860911812066826 0.7597883009845
1.42 12.86424933106972 0.80105454788649
1.43 12.890556888333903 0.82787891142485
1.44 12.932430509959428 0.88966654099732
1.45 12.957013400982888 0.9964000212822
1.46 12.959102272463538 1.0823065759671
1.47 12.979985789589907 1.1314731061692
1.48 12.97613825266601 1.3035850909821
1.49 12.947794348409023 1.3632967786206
1.5 12.90273561505584 1.5085945712264
1.51 12.895709792439682 1.468988451101
1.52 12.960115751230495 1.6237644164081
1.53 12.807292142422328 2.1288703445939
1.54 12.512805741129167 2.0865498056492
1.55 12.395189826524986 1.9016282005663
1.56 12.346182260592101 1.9676361315325
1.57 12.2556031828297 1.9909816689758
1.58 12.19509162781879 1.9660786079918
1.59 12.085485490399051 2.1247577418638
1.6 11.956111538038346 2.0376159495219
1.61 11.87086575391404 2.074285307297
1.62 11.681176409843053 2.202130982131
1.63 11.488205060827358 1.9917483809996
1.64 11.41319482141984 1.8280788370035
1.65 11.369243515852348 1.7391072848846
1.66 11.323903045447432 1.6496544319696
1.67 11.286058365112952 1.5487775232463
1.68 11.314339750765074 1.3755044976797
1.69 11.35600864076275 1.4152570525993
1.7 11.337678348230131 1.4340853048752
1.71 11.178291576006547 1.5860185492172
1.72 11.099228921800835 1.1321462539158
1.73 11.198309881124322 1.0718837397889
1.74 11.242982096788834 1.0645388511013
1.75 11.243433210922857 1.0546077068144
1.76 11.242161071367804 0.97872989241994
1.77 11.249063427888439 0.93788815584891
1.78 11.27502815709195 0.84130603014634
1.79 11.305726569076395 0.83349031726503
1.8 11.333717749360174 0.76265358163266
1.81 11.372277873645324 0.74578346594093
1.82 11.420632642907222 0.69977085366171
1.83 11.43546287893865 0.77948252513992
1.84 11.405644009827954 0.74458331198624
1.85 11.419918244076886 0.64925185786669
1.86 11.450510132296632 0.64875120977921
1.87 11.465824665054361 0.61490173873572
1.88 11.493827768083017 0.5737759387645
1.89 11.526277892005512 0.55848941816621
1.9 11.5606941605076 0.53604926819223
1.91 11.569313455959042 0.5719978446938
1.92 11.58641453129571 0.48497835848025
1.93 11.638172323646254 0.47785684752281
1.94 11.673488419551353 0.49500048010898
1.95 11.69594948975404 0.50285013085356
1.96 11.704355385558136 0.52537062611624
1.97 11.702200416505102 0.51835764014326
1.98 11.701887173179076 0.50239607073765
1.99 11.723656446893685 0.45051564231708
2.0 11.751853310142991 0.46527420157525
2.01 11.765526912175167 0.45835416598547
2.02 11.780582540986249 0.44967079376558
2.03 11.79857706383019 0.43927742652623
2.04 11.812389145849894 0.44334436911819
2.05 11.826148106677666 0.42575192023764
2.06 11.847275215465737 0.41853937856453
2.07 11.870012152931967 0.4187100125182
2.08 11.882919810598898 0.44390430378911
2.09 11.853773209604272 0.49146801752274
2.1 11.831598711942334 0.40305123292965
2.11 11.860262881808824 0.35201914228574
2.12 11.884479978090342 0.3578053445886
2.13 11.907627081368092 0.31558983569675
2.14 11.934211391589876 0.31965306223619
2.15 11.959652041229807 0.28869699173695
2.16 11.993474844995873 0.28278064218556
2.17 12.024734918277082 0.27760970800206
2.18 12.057453062076078 0.27510672377949
2.19 12.089599544793614 0.28494103031519
2.2 12.101139746938076 0.3222121636475
2.21 12.105283897535356 0.30344460506903
2.22 12.123742951527552 0.29196630142507
2.23 12.154527342009233 0.27596913869199
2.24 12.179446913665759 0.30576889412549
2.25 12.190824313205768 0.30929014832733
2.26 12.208956966619068 0.30570151263611
2.27 12.225577679915148 0.32441989878454
2.28 12.228786831686897 0.34200934450327
2.29 12.231714034936694 0.3339581147089
2.3 12.237113162065379 0.33933984202739
2.31 12.242386312683298 0.33134838363523
2.32 12.246959938941785 0.3347639306007
2.33 12.249566929503557 0.32461666856161
2.34 12.252935196015919 0.31724636919244
2.35 12.26387333030382 0.29153448319196
2.36 12.273067845233838 0.2982432564472
2.37 12.276249957621443 0.2752325716975
2.38 12.292611667823552 0.24318559176559
2.39 12.31976925116899 0.22386708528103
2.4 12.344022368565945 0.22209965607425
2.41 12.365638678033918 0.20802756547529
2.42 12.392310409920329 0.1960453056508
2.43 12.419130820345679 0.1933576158932
2.44 12.44735154303184 0.18443285612315
2.45 12.480098944815946 0.1846291747548
2.46 12.503870403209039 0.20745739827112
2.47 12.51451408818222 0.21668848673998
2.48 12.53152574995274 0.2020359348473
2.49 12.558250487624399 0.2063477459762
2.5 12.568917346368783 0.24034692801009
2.51 12.568735770931623 0.23411432282386
2.52 12.57000911998716 0.2338358282107
2.53 12.581760060860258 0.19976414704559
2.54 12.607439908340115 0.19308660255811
2.55 12.62285123867113 0.20509990579273
2.56 12.634870432726068 0.18934713658817
2.57 12.649737662129379 0.18628783321841
2.58 12.668077709529804 0.16566201632424
2.59 12.689713605145343 0.16151027860671
2.6 12.71844128406252 0.13711746585401
2.61 12.749695847985862 0.14802224661951
2.62 12.773166040920904 0.14868300523657
2.63 12.794841155397439 0.15323502123749
2.64 12.81552003996837 0.15196381938777
2.65 12.840106749864075 0.14967316798926
2.66 12.8622047455106 0.16299905199696
2.67 12.874939711365371 0.17404745840174
2.68 12.88697140159734 0.16937669058097
2.69 12.901718880196356 0.16911335137244
2.7 12.917754317978185 0.16385413534933
2.71 12.936730491292476 0.16131557479797
2.72 12.951555596286859 0.16898640327401
2.73 12.960942124306737 0.16597676760389
2.74 12.975532177356508 0.14974188334132
2.75 12.996871716835896 0.14062719630597
2.76 13.019570615604318 0.1354958117181
2.77 13.040655587874495 0.13499227130094
2.78 13.060190896155733 0.13130401520307
2.79 13.079353392197648 0.12795698385795
2.8 13.102123505076724 0.1171975561117
2.81 13.123337650398124 0.12274015862511
2.82 13.145227186799383 0.10866820412514
2.83 13.172397189994964 0.10839955614421
2.84 13.195204132207468 0.11381083810525
2.85 13.216063686522087 0.11233522283892
2.86 13.234418708547508 0.11790759702235
2.87 13.251802206424639 0.111209325097
2.88 13.271311412876724 0.10835351090132
2.89 13.293905540996116 0.098810279048536
2.9 13.31642235476518 0.10234763088942
2.91 13.335383773090337 0.098769654150905
2.92 13.356942196023857 0.090403162267784
2.93 13.381579337118373 0.085027044543165
2.94 13.406534726261107 0.082920860135209
2.95 13.429597364366568 0.082897439320072
2.96 13.454595333032055 0.076011459106563
2.97 13.472672374209495 0.089457440135817
2.98 13.492800649710505 0.063205391737959
2.99 13.524745607388404 0.058216305195442
3.0 13.553645751200525 0.060224589976811
3.01 13.580805294204 0.05812642467043
3.02 13.607738931804413 0.059411007779111
3.03 13.633484085202292 0.059720722713058
3.04 13.658512045316082 0.060382780960128
3.05 13.683237849486213 0.059298482839348
3.06 13.709456629390223 0.056546962708796
3.07 13.737108486065289 0.056921409372625
3.08 13.759613413086072 0.066086622480337
3.09 13.780023567811538 0.058829846213475
3.1 13.807176092304141 0.04987405466609
3.11 13.835187241288637 0.052193877515841
3.12 13.861095362115782 0.049763192836331
3.13 13.888500595847214 0.046420541754313
3.14 13.916460583647925 0.045490884490083
3.15 13.944729364804768 0.043198191958145
3.16 13.973756521093245 0.042482731324689
3.17 14.001829157366917 0.043879211638124
3.18 14.029830912990274 0.042126150372429
3.19 14.057437970899489 0.043673456512421
3.2 14.0851798107503 0.040120305871388
3.21 14.11541892105077 0.037364894384261
3.22 14.145545095036384 0.03873737774728
3.23 14.175853704315694 0.03669135708445
3.24 14.20580228478344 0.039574492842995
3.25 14.235264661325258 0.037589108168615
3.26 14.267013350769393 0.03592957860255
3.27 14.2982969700212 0.039271156650367
3.28 14.328013600189829 0.03980646636553
3.29 14.359678232044615 0.036764180526469
3.3 14.393148813165155 0.037836214361621
3.31 14.426006917649675 0.040499614903769
3.32 14.45716138949413 0.044291211279195
3.33 14.489035079653487 0.042375761072413
3.34 14.523755341365698 0.042826550257643
3.35 14.556346402935086 0.050260581626482
3.36 14.587978519823547 0.048892395677845
3.37 14.622268646285391 0.049461956771021
3.38 14.657190468233994 0.051532373925117
3.39 14.69257122222833 0.053487290632641
3.4 14.728379002383743 0.056504522988916
3.41 14.765257053251881 0.058388568318389
3.42 14.80335086530631 0.062819223902177
3.43 14.841746997583321 0.068730518181517
3.44 14.87938671986744 0.077583921379657
3.45 14.916206468303121 0.085631853693932
3.46 14.95280490470191 0.094941350766209
3.47 14.988263029593526 0.10532927136623
3.48 15.025928865095153 0.11080646349652
3.49 15.05988544015209 0.13281305733898
3.5 15.08921801992395 0.13868589624702
3.51 15.124335340160137 0.14006139957295
3.52 15.16586529655969 0.14564758180743
3.53 15.208490859312356 0.16450649416092
3.54 15.234407448192027 0.20520101876128
3.55 15.26074797339693 0.19265366647749
3.56 15.29806369387666 0.21228371156951
3.57 15.332197115250606 0.22825783960728
3.58 15.352835998393095 0.26911130878552
3.59 15.373670205933596 0.25946512661942
3.6 15.395004762773473 0.29521673557271
3.61 15.404353944122258 0.30074169385207
3.62 15.407814717620907 0.3120599731264
3.63 15.42008589843602 0.27109926629884
3.64 15.463760661288989 0.23560465047618
3.65 15.501457480088465 0.26211013807915
3.66 15.535348669414068 0.23027625241542
3.67 15.584511697477806 0.22866726374632
3.68 15.62894127907311 0.23717608248116
3.69 15.673357577856839 0.23957985928209
3.7 15.69011565384117 0.29086678721246
3.71 15.717001238932 0.21288094904183
3.72 15.782397299210428 0.20675105359406
3.73 15.842578806573512 0.21318466072983
3.74 15.895320988132811 0.22824910119409
3.75 15.94475502081565 0.23240880330463
3.76 16.00667731252655 0.22586239810621
3.77 16.058446322214895 0.27401528252752
3.78 16.108058266112852 0.25849857606514
3.79 16.170554960208822 0.28561721144103
3.8 16.223355204776638 0.31502818044209
3.81 16.279304600963126 0.33117895006693
3.82 16.328546874960814 0.3850234019098
3.83 16.3591076602061 0.42210048881349
3.84 16.394070133855596 0.42826211552613
3.85 16.442668984446826 0.4416797028512
3.86 16.498475517079907 0.46302083163939
3.87 16.562138479461773 0.49401663399076
3.88 16.601463598712588 0.58652875140331
3.89 16.632713703714757 0.59765969789561
3.9 16.68114921469212 0.65691327636271
3.91 16.68806675693756 0.77691187591681
3.92 16.650512891716865 0.82622628933618
3.93 16.637959229271946 0.78910186269194
3.94 16.631103298660584 0.82860590300645
3.95 16.657198319006657 0.72840353084484
3.96 16.710227319084904 0.78477343249121
3.97 16.73220641029198 0.79463270248379
3.98 16.78475929197843 0.76093338691936
3.99 16.841226962412676 0.83150589556792
4.0 16.87207522948071 0.87192000808529
4.01 16.887404925359377 0.93411989496642
4.02 16.903589543159534 0.94344866326453
4.03 16.912935971494022 1.015924689406
4.04 16.886691504095275 1.0568271319132
4.05 16.888841885243597 0.99549035838272
4.06 16.92659563189663 1.0135989916712
4.07 16.947778402697576 1.054103734509
4.08 16.965160321551995 1.0684885463134
4.09 16.98096806257504 1.1160457331818
4.1 16.973069561252657 1.1756896754549
4.11 16.93092190874589 1.2296498928626
4.12 16.88839439578736 1.1978279467525
4.13 16.879619014580538 1.1656270130281
4.14 16.85095570278361 1.2058395981149
4.15 16.83525941912765 1.1074238903558
4.16 16.82687529926785 1.1421018458535
4.17 16.811485256497026 1.0548350668016
4.18 16.816612590445487 1.0320683254523
4.19 16.822916325333257 0.96742322200705
4.2 16.834694222381675 0.93123143630462
4.21 16.8682975723128 0.83711798299442
4.22 16.908103823856802 0.83630750009111
4.23 16.934354111676253 0.78821716436348
4.24 16.944722031783613 0.78953600009821
4.25 16.941452198490946 0.70919353641112
4.26 16.98464086240605 0.57815926315401
4.27 17.06890068091999 0.50240975125544
4.28 17.147060921291057 0.47426042628703
4.29 17.227243792947483 0.41154787615428
4.3 17.306946486851732 0.40459608629255
4.31 17.374882702023196 0.37009355463737
4.32 17.451753923696984 0.33255436746435
4.33 17.53708552772916 0.30565934254366
4.34 17.61262995188076 0.30979748421191
4.35 17.68200150647024 0.28203050783162
4.36 17.76270982225107 0.25870514960762
4.37 17.840890167516225 0.25917028061175
4.38 17.916934108758486 0.24377722213651
4.39 17.987669614410347 0.25384808790593
4.4 18.05674295040169 0.23327268833002
4.41 18.13096337430121 0.23402906124674
4.42 18.194789756793742 0.2413527720384
4.43 18.254829931306695 0.22919817400235
4.44 18.319231986514176 0.21743065116017
4.45 18.37928349303735 0.21414958312671
4.46 18.43972263400347 0.18707849115622
4.47 18.511662430884947 0.15845239083158
4.48 18.586955722969893 0.1431725437701
4.49 18.662935867260206 0.11991828878564
4.5 18.74799331268822 0.092368016768878
4.51 18.83949517753502 0.080245063052117
4.52 18.92362616437469 0.084574987617052
4.53 19.00465443269167 0.069123232680309
4.54 19.09231958980303 0.05765585518555
4.55 19.17974099650239 0.056291575657393
4.56 19.265496736016246 0.051600756736262
4.57 19.349453254868656 0.052631703164146
4.58 19.429846766673947 0.049358912116838
4.59 19.514897375083553 0.033652824282807
4.6 19.603466313977957 0.030674778859771
4.61 19.69307608084204 0.020306655195629
4.62 19.785324888266626 0.017017838181395
4.63 19.877605555683964 0.013490049284361
4.64 19.97040944134685 0.011853866653166
4.65 20.063500143076265 0.010414565553764
4.66 20.15700719777374 0.0099166955923361
4.67 20.250739577794352 0.0097502581835883
4.68 20.344577709340985 0.0098270660920298
4.69 20.43951951875199 0.0079353436077658
4.7 20.535917214717912 0.0074740962002016
4.71 20.63330377442746 0.0068262565053287
4.72 20.73171011146715 0.0069612677631852
4.73 20.831084657779382 0.0069849623160944
4.74 20.931309802577807 0.00776404011998
4.75 21.03257528910762 0.0077163639783302
4.76 21.135131911111042 0.0082100563711612
4.77 21.238800313913476 0.0084813377597846
4.78 21.344388523806963 0.0077573703002581
4.79 21.451726220642353 0.008764250420971
4.8 21.560435192258524 0.0094807158095096
4.81 21.670780687471005 0.011040635739443
4.82 21.781941957049867 0.013976100334398
4.83 21.894038282515385 0.015712939991576
4.84 22.007399885055875 0.017573235851901
4.85 22.124455261563686 0.014989446907689
4.86 22.244617927353254 0.019105491534806
4.87 22.364324292753633 0.024342317401384
4.88 22.485412294045737 0.026138844489437
4.89 22.61001609860193 0.027876467837951
4.9 22.73804406956833 0.031572837468589
4.91 22.864757791220775 0.043292047056294
4.92 22.99153375499881 0.044443227220703
4.93 23.12391075877289 0.045081286172921
4.94 23.262636131309275 0.04570907072948
4.95 23.402699214369914 0.058201415638222
4.96 23.547004001679575 0.05909366737784
4.97 23.691814977849088 0.082981569719418
4.98 23.834919431320518 0.091558640932482
4.99 23.982767556213197 0.10816968968268
5.0 24.129076644532812 0.131803790364
5.01 24.25540050541334 0.17381573509862
5.02 24.398829372980465 0.12018683496531
5.03 24.574972252941322 0.13056035175162
5.04 24.746639934507947 0.15207013805839
5.05 24.91802820513434 0.17385221585717
5.06 25.083106387831062 0.21401919458601
5.07 25.24448887685006 0.23235377456042
5.08 25.414009776433815 0.24956693738254
5.09 25.591625321857503 0.26813397589613
5.1 25.77169795891184 0.29994978256531
5.11 25.954752096047066 0.32388521355438
5.12 26.15030965587292 0.35207275872727
5.13 26.315093614796936 0.45242762190527
5.14 26.485798925466582 0.40805796413848
5.15 26.70382451177187 0.43320041964499
5.16 26.903468190465265 0.50776080153566
5.17 27.123872418847462 0.48947242742579
5.18 27.342179311693595 0.62335443619571
5.19 27.504075307801816 0.69608492081228
5.2 27.71819086581225 0.63095946385963
5.21 27.989853894928956 0.70617050557837
5.22 28.18944087594566 0.89196174331346
5.23 28.388806935831663 0.86055592171166
5.24 28.588636126048083 1.0201747660391
5.25 28.803953082722195 0.93728048331109
5.26 29.095061746765065 0.99246235655558
5.27 29.490351311435692 0.94991340840664
5.28 29.782731889121965 1.5091561769261
5.29 29.727776758303822 1.8792509151333
5.3 29.800291384968425 1.4570234189131
5.31 30.178827271433516 1.395518863397
5.32 30.50860324967612 1.6369202137139
5.33 30.78345780103501 1.7055961803696
5.34 31.068409722222192 1.8811103101919
5.35 31.364816887503185 1.9845196126597
5.36 31.588103732086623 2.3287088418512
5.37 31.78670281931559 2.3329893287471
5.38 32.0921978566264 2.4452031530494
5.39 32.356648128243535 2.7256225085149
5.4 32.604669554245916 2.8592927405977
5.41 32.67522002081654 3.3635368299506
5.42 32.83968261988074 2.9187210113668
5.43 33.251936886625636 3.1096772167114
5.44 33.55426738211283 3.3149836322803
5.45 33.89286281709147 3.3268240515281
5.46 34.354079712136794 3.4258557771884
5.47 35.0767572415342 3.4803445481434
5.48 35.13246191793954 5.353684617881
5.49 35.01249486200389 4.4826281892257
5.5 35.63129455615011 4.739019964961
5.51 35.36964505492719 6.5122499560946
5.52 35.217147482586014 4.8964211018314
5.53 35.84812872018054 5.272582662153
5.54 36.2840774928872 5.4096726638648
5.55 36.8076529919434 5.6530932732732
5.56 37.09165499345754 6.4875315323919
5.57 37.25207649365312 6.5555844302131
5.58 37.49459212837757 6.9225868407233
5.59 37.97159230642644 6.7153408736398
5.6 38.52297134332519 7.5504941797525
5.61 38.70311477918218 8.2779323720243
5.62 39.01427691502968 8.392822646269
5.63 39.005809759917206 9.8314829519255
5.64 38.85659239496899 9.47272120975
5.65 39.09896601718198 9.8054597461962
5.66 39.39570717730909 9.9860732170388
5.67 39.681594523022206 10.599731909839
5.68 39.75118293285862 11.190339470613
5.69 39.85873955574285 11.323571683334
5.7 40.21167943999553 11.564582258664
5.71 40.29961385524532 12.591565769178
5.72 40.54086419693137 12.187100951946
5.73 41.14724056050293 13.125242456643
5.74 40.52024464635944 15.449158893915
5.75 40.183806128780994 13.473548750026
5.76 40.870880379880205 14.305842813567
5.77 40.792039902448224 15.472609440506
5.78 40.765450030714085 15.065312262099
5.79 41.097424947633066 15.648551079788
5.8 41.12181859952196 16.409834889707
5.81 41.23001419735948 16.414396520134
5.82 41.31924681438288 17.312953021697
5.83 41.44475650221864 17.259644392745
5.84 41.56158851249717 18.293883127381
5.85 41.48994635327326 18.544592210838
5.86 41.512037979057986 19.047927226488
5.87 41.61098437628158 19.282151722515
5.88 41.63463562244479 20.046440768443
5.89 41.70827642299339 20.060496284117
5.9 41.96278889516739 20.63994707902
5.91 42.30820541101453 21.006425636911
5.92 42.65566789153417 22.158835756987
5.93 42.02027581724965 24.28777262096
5.94 41.44014630219944 23.345517942898
5.95 41.70971928281815 23.864882636434
5.96 41.31200709571802 25.488898084176
5.97 40.731947063636014 25.119765492488
5.98 40.69546287205733 25.233760173405
5.99 40.69748113022457 25.664179646677
6.0 40.58111015616694 26.163463703162
6.01 40.53427030074003 26.306081517328
6.02 40.665069487415664 26.697576072491
6.03 40.63867429823902 27.537385388594
6.04 40.63601687618518 27.790823138011
6.05 40.50306063130746 29.007102097025
6.06 39.925545861449756 29.715696390108
6.07 39.505478631660786 29.644874132526
6.08 39.49287798142353 29.765838162361
6.09 39.24074559436186 30.826416873674
6.1 38.81215458716695 30.807919397363
6.11 38.81566837531018 30.752205323797
6.12 38.93477841123602 31.412457398029
6.13 38.483263090671045 32.67714891446
6.14 37.97900653451477 32.319251035355
6.15 37.92319432888969 32.497975071502
6.16 37.98913917812649 32.746702360147
6.17 37.85836556197125 33.699011848297
6.18 37.502859052642144 34.066918488228
6.19 37.19454920350789 34.467568694969
6.2 36.849465175036855 34.815348083691
6.21 36.60944099792749 34.856552109239
6.22 36.59407849601934 34.995693726351
6.23 36.54519833919126 35.608825431038
6.24 36.16974976990144 36.280405980607
6.25 35.989581678250445 35.902729242563
6.26 36.138538336210985 36.325062240514
6.27 36.15074353136626 36.908220236882
6.28 36.045609849944896 37.464758324986
6.29 36.09260376239592 37.716360547109
6.3 35.77746698751258 39.149894142507
6.31 35.63505196076164 38.473687055612
6.32 35.83122726237178 39.706967994453
6.33 35.77823340843712 40.327413745583
6.34 35.431519900250095 41.920017227769
6.35 34.76255394541727 42.572410117632
6.36 33.97752384591741 43.579210645439
6.37 33.267208629976615 43.596427624698
6.38 32.81096132618625 44.165788698325
6.39 32.265570090111545 44.826437010832
6.4 31.292577922991143 45.950353900125
6.41 30.257682509154584 45.695766613218
6.42 29.508484471762156 45.841367808991
6.43 28.953562825228303 45.551653411284
6.44 28.34787030667153 46.056506029507
6.45 27.868721817651362 45.418928118407
6.46 27.69542821238043 45.676723941938
6.47 27.3646701924315 45.988101699449
6.48 26.76036683640359 46.47830229416
6.49 26.514677053159556 45.6556549603
6.5 26.449581930881653 46.541477523248
6.51 25.913646634383834 46.961959045692
6.52 25.48785086606421 46.864424459497
6.53 25.246672460746264 47.084665064153
6.54 24.97188731762398 47.456115293941
6.55 24.511912069133537 48.02356860343
6.56 24.078725800306742 48.0481580129
6.57 23.580173795352273 48.721804777648
6.58 22.995628360371608 48.702664425453
6.59 22.52099351162572 48.956487792591
6.6 21.932474585957667 49.17541561801
6.61 21.557743264384396 48.773968952224
6.62 21.49484777243692 48.879375272206
6.63 21.317461292209916 49.439227193234
6.64 21.024890677772667 49.827422556557
6.65 20.386162716610986 50.814760911879
6.66 19.729295149790694 50.477629449586
6.67 19.469747670350994 50.645162526985
6.68 19.229301393665978 51.121473696931
6.69 18.28778884857975 52.571906467921
6.7 17.647445546165766 51.206465282007
6.71 17.12654374184579 52.731772185614
6.72 16.440299898490306 51.728665182676
6.73 16.4361099765758 51.942212895695
6.74 16.16460460357395 52.842834457061
6.75 15.371356045011929 53.765960960541
6.76 14.617654373234515 53.669934664242
6.77 13.859944247048562 54.526258059977
6.78 12.905264665603989 54.678576309981
6.79 11.63828468523232 55.443047378469
6.8 10.692030789931877 54.108298767673
6.81 10.392811679054166 54.223595721765
6.82 9.626825214741283 54.922512640227
6.83 8.799901131478288 54.461811316406
6.84 8.233928367359194 54.572490184853
6.85 7.464952515501943 54.911233724187
6.86 6.633546819574429 54.805034450534
6.87 5.8717068184781915 54.868716362854
6.88 4.980251640969239 55.039617928904
6.89 4.028211319362321 54.880633719344
6.9 3.2325049741172056 54.565194145022
6.91 2.459209765162144 54.590774165045
6.92 1.6035003226562834 54.453456313992
6.93 0.9805507072263514 54.06405155644
6.94 -0.15298245294672785 55.223495683834
6.95 -1.5881334296965344 54.274185372039
6.96 -2.61313858443595 53.864046348333
6.97 -3.751866194372075 53.510104904063
6.98 -4.983434923570166 52.833924766528
6.99 -5.937494138775507 51.557776655556
7.0 -6.764305299297458 50.909443167917
7.01 -7.5782981581693925 49.65857408429
7.02 -7.994318614358986 48.263082214444
7.03 -8.15879118132672 47.35371925766
7.04 -8.53894048850192 46.930357847961
7.05 -8.850821867938498 45.631658377175
7.06 -8.957719290792117 45.030564837344
7.07 -9.324353908037443 44.53671347702
7.08 -9.44034524741874 43.105848951277
7.09 -9.507350520748593 42.971408870237
7.1 -9.732848338278792 41.940685130455
7.11 -9.817462160507658 41.296433654043
7.12 -9.99764831478621 40.541688229752
7.13 -9.796184251700884 39.085240301187
7.14 -9.535308902193663 38.971733020432
7.15 -9.39813688477954 37.995937607676
7.16 -9.146230620847914 37.58373451893
7.17 -8.855478170085515 36.81940383051
7.18 -8.571823873751516 36.621517072958
7.19 -8.4560802961548 36.160881205716
7.2 -8.113562515917407 35.306375678608
7.21 -7.796856926767674 35.260654608305
7.22 -7.272529308733728 34.133818000474
7.23 -6.627373994435351 34.464542604366
7.24 -6.26612896479293 34.248535190249
7.25 -5.678722588749311 33.959424990827
7.26 -5.2820593724596385 34.651496321596
7.27 -5.299838018688515 34.822095959509
7.28 -5.061108795549341 34.320855631746
7.29 -4.7049485376129265 34.764568308288
7.3 -4.889605868510057 35.414000104468
7.31 -5.021979639428432 34.668880106434
7.32 -4.598845657576339 34.307680541346
7.33 -4.2583994606675155 34.768423644686
7.34 -4.01875452060162 34.705085273709
7.35 -3.759952551002464 35.137715678739
7.36 -3.678285057374928 35.51265440224
7.37 -3.6265392106675836 35.773215703445
7.38 -3.590335253413621 36.185312296644
7.39 -3.8981628222172255 36.952521902069
7.4 -4.007472430959802 36.347820877582
7.41 -3.8582126449099987 37.055966561765
7.42 -4.208123894557264 37.856587283265
7.43 -4.716449697373636 37.933047363666
7.44 -5.034645141224642 37.885483476379
7.45 -5.138196331159042 37.835746384386
7.46 -5.274107645871938 38.327583726582
7.47 -5.455770660696615 38.51909786524
7.48 -5.887683303533373 39.509896257987
7.49 -6.771915502549212 39.938438491097
7.5 -7.526704938271383 39.642163385168
7.51 -8.195106087524179 39.812522069644
7.52 -8.885396257704281 39.482081826451
7.53 -9.358425785719557 39.1121829199
7.54 -9.661156734348051 38.877719888129
7.55 -10.313132711711205 39.378351907835
7.56 -10.6132307661872 37.972695051074
7.57 -10.989575732121732 39.193713097467
7.58 -11.589778729043651 38.068094342674
7.59 -12.070695672837392 38.627797949112
7.6 -12.629335510966582 37.667391377971
7.61 -12.885083605702548 37.570667769301
7.62 -13.287386135529133 37.405574919253
7.63 -13.879095508645486 37.378337987869
7.64 -14.35161783602497 36.538542826971
7.65 -14.564799227088292 36.21688667344
7.66 -14.930792410542677 36.148623813471
7.67 -15.565577421871927 35.989131871496
7.68 -16.100384598449914 35.037808671819
7.69 -16.18575117857926 34.121812918399
7.7 -16.304082835502218 34.030774221608
7.71 -16.43104358031068 33.219820210141
7.72 -16.425650845320742 33.013653299256
7.73 -16.572584640504083 32.791376271141
7.74 -16.798714137731803 32.512140684122
7.75 -16.98457034737814 32.04494930671
7.76 -17.123399054296538 31.734159455918
7.77 -17.30619840651898 31.430931660867
7.78 -17.49670223402013 31.062513264588
7.79 -17.679430843281857 30.718272430492
7.8 -17.885745352653966 30.387180858698
7.81 -18.12377978745124 30.027047844725
7.82 -18.45724995010693 29.690896236424
7.83 -18.646160629877762 28.784895555296
7.84 -18.685418672748177 28.359701360567
7.85 -18.74059635279832 27.729510846028
7.86 -18.62228012070093 27.052290422506
7.87 -18.50313629127998 26.82017820838
7.88 -18.516897813948276 26.465969685154
7.89 -18.506393748915908 25.978743019948
7.9 -18.4441005279266 25.545517244799
7.91 -18.246628388185332 24.990306288537
7.92 -18.203819818716255 25.154213444648
7.93 -18.41618189396788 24.728356398725
7.94 -18.404460212677943 23.911625279015
7.95 -18.223488854811816 23.451953908474
7.96 -17.929673529137553 22.797986965804
7.97 -17.590712935392236 22.604864034302
7.98 -17.26006551397697 22.216099633337
7.99 -16.959603585686615 22.219522806616
8.0 -16.72279810671958 22.005269718846
8.01 -16.467971255354158 21.984615298912
8.02 -16.311197007362225 22.075214699236
8.03 -16.346474732382553 22.253976634912
8.04 -16.39602872315284 21.991230098013
8.05 -16.417694156039914 22.02706893628
8.06 -16.513424967317352 21.898481858172
8.07 -16.677879344138272 21.867939799794
8.08 -16.902296118980132 21.58436460348
8.09 -17.002704283510298 21.100604312254
8.1 -17.058913865058138 20.852423344933
8.11 -17.0889396062983 20.355570054037
8.12 -17.01242649792076 19.963338115252
8.13 -16.917952860159616 19.648559190706
8.14 -16.890556040443894 19.424586988027
8.15 -16.815679719112737 18.895506935491
8.16 -16.622793687421854 18.552410031651
8.17 -16.467040420657284 18.327103791916
8.18 -16.289627842585816 17.940279856238
8.19 -16.064056208721013 17.719778529182
8.2 -15.881351946315231 17.541749563052
8.21 -15.661574093385319 17.255621373655
8.22 -15.46918060405445 17.253488160604
8.23 -15.334319797576338 17.091744565311
8.24 -15.291639317274534 17.177848133154
8.25 -15.433773935392752 17.07095913582
8.26 -15.448884962990949 16.45504581484
8.27 -15.303000772255295 16.162637734181
8.28 -15.158238253971046 15.803657653149
8.29 -14.947356301975955 15.423838620513
8.3 -14.656955941619945 15.081653105431
8.31 -14.335517578300342 14.869445004041
8.32 -13.979409555373715 14.653800946646
8.33 -13.713909823008933 14.774664702577
8.34 -13.55562210083959 14.63251887786
8.35 -13.286396809500014 14.404200108199
8.36 -13.082472937385466 14.591923083176
8.37 -12.96384544641245 14.435819429289
8.38 -12.811502764890577 14.426034868867
8.39 -12.721647830985356 14.420923043549
8.4 -12.657703627590092 14.34357690195
8.41 -12.608670032910354 14.301206583175
8.42 -12.711313142875278 14.373437328481
8.43 -12.75705905586592 13.844331227043
8.44 -12.700848970953079 13.704476799512
8.45 -12.618895157843877 13.234794918987
8.46 -12.436718337662139 12.961214802127
8.47 -12.231390667068107 12.644887629681
8.48 -12.02706503831146 12.462084697
8.49 -11.87917593431005 12.241544931237
8.5 -11.660407645087078 11.826191870003
8.51 -11.451078892274932 11.705606499339
8.52 -11.19789406324204 11.180313201173
8.53 -10.873471078727935 11.001798990796
8.54 -10.543800028340307 10.584727376038
8.55 -10.070346529420634 10.218793394231
8.56 -9.604547668215448 10.128513641925
8.57 -9.117438153084187 9.813480218414
8.58 -8.575654627079343 9.7643721942322
8.59 -8.047054584402156 9.6822991768645
8.6 -7.5518037272657486 9.7924072032295
8.61 -7.139729381808367 9.8721197148902
8.62 -6.771361041826791 9.9339513560573
8.63 -6.382589941757363 9.8895597060027
8.64 -5.954421654994663 9.9279019003474
8.65 -5.52743544849736 10.004457006116
8.66 -5.1745463868799595 10.213506353868
8.67 -4.891072586551933 10.261268336384
8.68 -4.55456175229053 10.186166195706
8.69 -4.074856339281752 10.047675944358
8.7 -3.5071933684019863 10.154838119321
8.71 -3.0480495270705363 10.475687706588
8.72 -2.5906637639827954 10.494127454416
8.73 -2.1226787062451065 10.834245453627
8.74 -1.620413340333434 10.884433354111
8.75 -1.099002288594359 11.373313643817
8.76 -0.6907721923816209 11.777159484981
8.77 -0.368727928129539 12.307549218204
8.78 -0.16038847967396017 12.745502615257
8.79 0.08030525968600542 12.986265660839
8.8 0.31330455828763165 13.455687980238
8.81 0.4847012898918939 13.762051523979
8.82 0.7121012012990859 14.009614440137
8.83 0.9461153831315278 14.39182527596
8.84 1.139206686151497 14.726881581118
8.85 1.3800194376487105 14.96437156511
8.86 1.6935199159937675 15.31110824639
8.87 1.8845927607228563 15.949244047487
8.88 2.057507471804367 16.162790241138
8.89 2.321064511170351 16.674432871374
8.9 2.316255868348763 17.511777597571
8.91 2.2978556896066187 17.525581064388
8.92 2.4827779238802474 17.913488506386
8.93 2.562716774543316 18.444041040775
8.94 2.608443102288476 18.72774148835
8.95 2.6983293851301178 19.072754282341
8.96 2.9030128718602364 19.238761650635
8.97 3.079232450931744 19.882575680876
8.98 3.226752505861547 20.10543835709
8.99 3.5203543844010166 20.537153961195
9.0 3.749401462283649 21.24445991845
9.01 3.8546781593647244 21.891451455796
9.02 4.088815389985578 22.278676355557
9.03 4.240338114321799 23.42751289227
9.04 4.174522105103968 24.178692415307
9.05 4.112602383907479 25.027260889151
9.06 3.92079344381601 26.042335292498
9.07 3.509524978869362 27.041217109471
9.08 3.044687290544698 27.698906991075
9.09 2.4067819739715115 28.730126854832
9.1 1.6822126731791203 28.995553105412
9.11 1.1713257683432672 29.293510442785
9.12 0.662709152543437 29.804674824014
9.13 -0.0946814855579839 30.38948585359
9.14 -0.6505287354146959 29.904414125103
9.15 -0.8171865618897795 30.066091095586
9.16 -1.1689906327663089 30.611303624016
9.17 -1.5273040349086102 30.521569560593
9.18 -1.5803362572608206 30.574626323438
9.19 -1.5768583269409804 31.142430669184
9.2 -2.034137714694105 32.298247639493
9.21 -2.7333823480376935 32.399754509415
9.22 -3.035830824276326 32.235881350046
9.23 -3.1265405134869657 32.641400567408
9.24 -3.3781345609559312 33.331360399566
9.25 -3.7101936073296966 33.801028986827
9.26 -4.013662669359491 34.482840599478
9.27 -4.737275587315773 35.806571373137
9.28 -5.74266206522167 36.138926659075
9.29 -6.686519433696339 36.555403687433
9.3 -7.591396139598604 36.587094361789
9.31 -8.180273924914811 36.430466337209
9.32 -9.004649271968484 37.354849537622
9.33 -9.782616608101145 36.707884131713
9.34 -10.417740372857502 37.438394557002
9.35 -11.278926045499592 37.41655496778
9.36 -12.227617267626652 37.846182988258
9.37 -13.184533100171157 37.48392959956
9.38 -14.05414639977148 37.554742661332
9.39 -14.862185621793792 37.096153764607
9.4 -15.661697887286108 37.153269410637
9.41 -16.431168369739336 36.533335368477
9.42 -17.006316784527122 36.217613724183
9.43 -17.452751616702965 35.709858812228
9.44 -17.830639829813208 35.617609377284
9.45 -18.280128321361147 35.470599873142
9.46 -18.717563079775513 35.323537950272
9.47 -19.114619025474862 35.197645985607
9.48 -19.55851240977745 35.280767720873
9.49 -19.986550279749764 35.154594786115
9.5 -20.448966395333642 35.449029723384
9.51 -21.12759124702586 35.713731447846
9.52 -21.827589769694754 35.705995099801
9.53 -22.535889849157787 35.985603119504
9.54 -23.56035236752252 36.536484976008
9.55 -25.017270186626046 36.813124583518
9.56 -26.398498095322907 36.067999947905
9.57 -27.561804822857034 35.697266727229
9.58 -28.826426999151945 35.236074769232
9.59 -30.197507293292833 34.587858557947
9.6 -31.488639440254698 33.374560641354
9.61 -32.551649667604536 31.997665815809
9.62 -33.16913923886105 30.094690543269
9.63 -33.36865649047874 28.717543335837
9.64 -33.24281920761423 27.252756352917
9.65 -33.03552201877687 26.797921572199
9.66 -33.23032123716024 26.574207373854
9.67 -33.527187839948326 25.796899107132
9.68 -33.81819201041693 25.387402102448
9.69 -34.26384813144833 24.834259503249
9.7 -34.684073042737374 24.048711820621
9.71 -35.06018374947272 23.390543156124
9.72 -35.54662154338963 22.819945970215
9.73 -36.2525738107928 22.170163501269
9.74 -36.947711276693 20.822317111194
9.75 -37.21162299016299 19.080852370981
9.76 -37.15514527379667 17.784023325676
9.77 -37.00544462541615 16.523879326124
9.78 -36.73422032510742 15.33801336504
9.79 -36.34438585319409 14.250494667651
9.8 -35.88159776307527 13.365848527403
9.81 -35.54646944225508 12.80483599588
9.82 -35.2106361038837 11.800536030681
9.83 -34.734279097597074 11.070669745651
9.84 -34.26111481037705 10.432687480043
9.85 -33.83677333665784 9.9245570408512
9.86 -33.42160642720254 9.3151739253377
9.87 -32.98254194266816 8.831877170656
9.88 -32.571656772583225 8.3984712339185
9.89 -32.20386844137167 8.0197521557462
9.9 -31.88388125367332 7.6301407802913
9.91 -31.551423931597565 7.163278957404
9.92 -31.22288138619167 6.8139476499216
9.93 -30.92748363240933 6.4056330656443
9.94 -30.599765075193538 5.9524917448979
9.95 -30.280797814860087 5.6174004105639
9.96 -29.970007146896567 5.1671943774164
9.97 -29.630976301673712 4.7616546136586
9.98 -29.22750556144313 4.2637479088428
9.99 -28.79607591730527 3.9767682453259
10.0 -28.401798487193577 3.6563850103998
10.01 -28.00073167479813 3.3457902897526
10.02 -27.600768165184814 3.0670381668335
10.03 -27.17870882548814 2.7540957593561
10.04 -26.738383719391358 2.535113378991
10.05 -26.32785085362042 2.3606950539718
10.06 -25.908327393230575 2.1311726742804
10.07 -25.488572142668602 2.0260198254012
10.08 -25.113782654495953 1.9244338340071
10.09 -24.74926864911743 1.7983382492907
10.1 -24.392477647436614 1.7188616211624
10.11 -24.067775296021384 1.6568697191948
10.12 -23.757272059166002 1.558863400191
10.13 -23.436077984217885 1.4645325481028
10.14 -23.132365492832193 1.4301981547644
10.15 -22.850623419477436 1.3563420079587
10.16 -22.562558536237244 1.278403866015
10.17 -22.265052719261853 1.2095502914952
10.18 -21.9676021721954 1.1748089790622
10.19 -21.683305431375786 1.1639339054108
10.2 -21.428917369781704 1.1858400909868
10.21 -21.19462595356201 1.1711041967087
10.22 -20.961132744866614 1.1663357913716
10.23 -20.74515955269953 1.186857045332
10.24 -20.549760626837102 1.1919140458908
10.25 -20.363221725409677 1.1885587388258
10.26 -20.179025985737496 1.1769408881729
10.27 -19.99987437035747 1.1770537411944
10.28 -19.8273999862894 1.1710375965879
10.29 -19.666719561273098 1.1809364642032
10.3 -19.508251424165014 1.159350980697
10.31 -19.35157341084885 1.1735587140509
10.32 -19.22566407651116 1.2012031588263
10.33 -19.10333453436435 1.1612339275107
10.34 -18.977852404318504 1.1649660441057
10.35 -18.86856337916222 1.1467204964925
10.36 -18.75466203873749 1.1047845532145
10.37 -18.63540608813309 1.0766453386834
10.38 -18.52241310678139 1.0524630721343
10.39 -18.414373027305853 1.0207856107714
10.4 -18.30760279853288 0.98837334055898
10.41 -18.22238901006254 0.98145106473958
10.42 -18.138883148519476 0.89648055494135
10.43 -18.04138066380307 0.84108864201629
10.44 -17.94911810663024 0.76880433242991
10.45 -17.837484634998734 0.65783948293796
10.46 -17.708132741690253 0.58087625566424
10.47 -17.568439663253514 0.48878401977901
10.48 -17.423169650709838 0.43315974405281
10.49 -17.277984991096762 0.36429117716006
10.5 -17.129634247226136 0.31643488194564
10.51 -16.986145939040195 0.27103013057103
10.52 -16.83852471442012 0.21721516782345
10.53 -16.68745803710891 0.18350139268007
10.54 -16.541973947112865 0.15767277088611
10.55 -16.401596309707703 0.13342395215755
10.56 -16.26098262444402 0.10588783884406
10.57 -16.122331694679573 0.092932730915672
10.58 -15.98884985469587 0.078780803184845
10.59 -15.858895363550777 0.069628835861236
10.6 -15.733638577714013 0.061894939369046
10.61 -15.61204454073867 0.054039122381583
10.62 -15.492451786476455 0.045731103606991
10.63 -15.37537360029114 0.041214496283377
10.64 -15.26217092870545 0.037505218561143
10.65 -15.151418188023293 0.032190407183936
10.66 -15.04322017128338 0.029519022536502
10.67 -14.937169770728168 0.024228920832624
10.68 -14.832528057267671 0.02111061298844
10.69 -14.729971446509364 0.01793349643333
10.7 -14.629152402594187 0.015362056074084
10.71 -14.530059943759015 0.013266380478697
10.72 -14.432936438704894 0.012254685667769
10.73 -14.338174232241007 0.011639858161935
10.74 -14.244960259811723 0.0097315565865284
10.75 -14.153134672339315 0.0092678125641928
10.76 -14.063174371224472 0.008698246551331
10.77 -13.97487552294746 0.0083281263272826
10.78 -13.888145863653538 0.0077890721711433
10.79 -13.802675561823625 0.0070780331644388
10.8 -13.71878048269208 0.0072110519700088
10.81 -13.636245007352622 0.0061951926017374
10.82 -13.554766572623805 0.0058036442630619
10.83 -13.47439695053117 0.0049564770949884
10.84 -13.395046159113942 0.0046869934050465
10.85 -13.317099171859772 0.0047423257420842
10.86 -13.24030975510857 0.0041924527998613
10.87 -13.164314953536957 0.0037708383695865
10.88 -13.089698225574836 0.0043611697375855
10.89 -13.016314671542412 0.0036989586090326
10.9 -12.943507704440618 0.0030847890904345
10.91 -12.871581297269103 0.0030042165552361
10.92 -12.800702161720482 0.002922436804525
10.93 -12.730889914888317 0.0030130437139385
10.94 -12.661983487590891 0.0026621885867398
10.95 -12.593855829902067 0.0025200075607728
10.96 -12.526547860167673 0.0022905594773755
10.97 -12.460162424818089 0.00238832857065
10.98 -12.394629043534325 0.0020308668181782
10.99 -12.329730259776978 0.0017413811276717
11.0 -12.265580181270757 0.0016165037038333
11.01 -12.20219458078054 0.0014558806530476
11.02 -12.139574854040447 0.0014069328970167
11.03 -12.07768452142823 0.0012252356536222
11.04 -12.016462483266185 0.0011097430824267
11.05 -11.955895573195225 0.00098494703232714
11.06 -11.896148141201847 0.0012038330768091
11.07 -11.837090990410557 0.00083963022544688
11.08 -11.778532558033058 0.00069488503522385
11.09 -11.720586156638516 0.00055545651879794
11.1 -11.663262301394239 0.00053477737443255
11.11 -11.606610637970126 0.00055737678171883
11.12 -11.550572839242923 0.00048011289451496
11.13 -11.495107092574456 0.00045688492292149
11.14 -11.440249058730837 0.00046690852538628
11.15 -11.385976190458234 0.00042428604035572
11.16 -11.332251279040824 0.0003758492824856
11.17 -11.279075747606763 0.00033900738829696
11.18 -11.22643338635949 0.00026933557283186
11.19 -11.174298888911432 0.00019965011388644
11.2 -11.122668537946533 0.00014593289590159
11.21 -11.071550523062228 0.00012068676455913
11.22 -11.020932310071606 7.5297564912375e-05
11.23 -10.970801431789663 5.5940594309308e-05
11.24 -10.921157389879825 3.7197879438364e-05
11.25 -10.871995444622645 3.4976486596001e-05
11.26 -10.823306022376554 1.8286728947725e-05
11.27 -10.775070797931901 1.3843909118601e-06
11.28 -10.727287849232665 6.6585806960834e-10
11.29 -10.679955248722777 2.7921666601297e-16
11.3 -10.633063697909918 0.0
11.31 -10.586605044126083 0.0
11.32 -10.540571871508904 0.0
11.33 -10.494957143239635 0.0
11.34 -10.449754091237754 0.0
11.35 -10.404956166667537 0.0
11.36 -10.36055701239909 0.0
11.37 -10.316550445279987 0.0
11.38 -10.272930443467185 0.0
11.39 -10.229691136662538 0.0
11.4 -10.186826798158748 0.0
11.41 -10.14433183809363 0.0
11.42 -10.102200797557607 0.0
11.43 -10.060428343333326 0.0
11.44 -10.019009263122303 0.0
11.45 -9.97793846116074 0.0
11.46 -9.93721095415471 0.0
11.47 -9.896821867483974 0.0
11.48 -9.856766431636947 0.0
11.49 -9.817039978847175 0.0
11.5 -9.777637939908674 0.0
11.51 -9.738555841151276 0.0
11.52 -9.699789301561438 0.0
11.53 -9.6613340300352 0.0
11.54 -9.623185822753006 0.0
11.55 -9.58534056066728 0.0
11.56 -9.547794207094535 0.0
11.57 -9.510542805405082 0.0
11.58 -9.473582476804324 0.0
11.59 -9.436909418199967 0.0
11.6 -9.400519900150023 0.0
11.61 -9.364410264887436 0.0
11.62 -9.328576924416922 0.0
11.63 -9.293016358680244 0.0
11.64 -9.257725113786734 0.0
11.65 -9.222699800305534 0.0
11.66 -9.18793709161682 0.0
11.67 -9.153433722319065 0.0
11.68 -9.119186486689895 0.0
11.69 -9.085192237198049 0.0
11.7 -9.05144788306429 0.0
11.71 -9.017950388868968 0.0
11.72 -8.984696773204462 0.0
11.73 -8.951684107370387 0.0
11.74 -8.918909514109973 0.0
11.75 -8.886370166385971 0.0
11.76 -8.854063286194217 0.0
11.77 -8.8219861434137 0.0
11.78 -8.790136054691486 0.0
11.79 -8.758510382361267 0.0
11.8 -8.727106533394105 0.0
11.81 -8.695921958380376 0.0
11.82 -8.664954150541485 0.0
11.83 -8.63420064477043 0.0
11.84 -8.603659016700151 0.0
11.85 -8.573326881798573 0.0
11.86 -8.54320189448933 0.0
11.87 -8.51328174729755 0.0
11.88 -8.483564170019353 0.0
11.89 -8.45404692891477 0.0
11.9 -8.424727825922735 0.0
11.91 -8.39560469789777 0.0
11.92 -8.36667541586752 0.0
11.93 -8.337937884310351 0.0
11.94 -8.309390040452387 0.0
11.95 -8.281029853583409 0.0
11.96 -8.252855324390886 0.0
11.97 -8.224864484311597 0.0
11.98 -8.197055394900273 0.0
11.99 -8.169426147214686 0.0
12.0 -8.141974861216632 0.0
12.01 -8.114699685188437 0.0
12.02 -8.087598795164283 0.0
12.03 -8.060670394376094 0.0
12.04 -8.033912712713338 0.0
12.05 -8.007324006196521 0.0
12.06 -7.980902556463712 0.0
12.07 -7.9546466702699545 0.0
12.08 -7.928554678998926 0.0
12.09 -7.902624938186698 0.0
12.1 -7.876855827057101 0.0
12.11 -7.851245748068228 0.0
12.12 -7.825793126470197 0.0
12.13 -7.800496409873244 0.0
12.14 -7.775354067826275 0.0
12.15 -7.750364591405449 0.0
12.16 -7.7255264928124365 0.0
12.17 -7.700838304982092 0.0
12.18 -7.676298581199428 0.0
12.19 -7.651905894725368 0.0
12.2 -7.627658838431218 0.0
12.21 -7.603556024441606 0.0
12.22 -7.579596083785477 0.0
12.23 -7.555777666055189 0.0
12.24 -7.532099439073233 0.0
12.25 -7.508560088566485 0.0
12.26 -7.485158317847869 0.0
12.27 -7.46189284750501 0.0
12.28 -7.438762415095867 0.0
12.29 -7.415765774851123 0.0
12.3 -7.392901697383092 0.0
12.31 -7.3701689694010275 0.0
12.32 -7.34756639343258 0.0
12.33 -7.3250927875514575 0.0
12.34 -7.302746985110745 0.0
12.35 -7.280527834482156 0.0
12.36 -7.258434198800748 0.0
12.37 -7.236464955715163 0.0
12.38 -7.214618997143118 0.0
12.39 -7.192895229031977 0.0
12.4 -7.171292571124533 0.0
