200 crystal
0.01	0.00	0.01	0.005
0.02	0.00	0.02	0.005
0.03	0.00	0.03	0.005
0.04	0.00	0.04	0.005
0.05	0.00	0.05	0.005
0.06	0.00	0.06	0.005
0.07	0.00	0.07	0.005
0.08	0.00	0.08	0.005
0.09	0.00	0.09	0.005
0.10	0.00	0.10	0.005
0.11	0.00	0.11	0.005
0.12	0.00	0.12	0.005
0.13	0.00	0.13	0.005
0.14	0.00	0.14	0.005
0.15	0.00	0.15	0.005
0.16	0.00	0.16	0.005
0.17	0.00	0.17	0.005
0.18	0.00	0.18	0.005
0.19	0.00	0.19	0.005
0.20	0.00	0.20	0.005
0.21	0.00	0.21	0.005
0.22	0.00	0.22	0.005
0.23	0.00	0.23	0.005
0.24	0.00	0.24	0.005
0.25	0.00	0.25	0.005
0.26	0.00	0.26	0.005
0.27	0.00	0.27	0.005
0.28	0.00	0.28	0.005
0.29	0.00	0.29	0.005
0.30	0.00	0.30	0.005
0.31	0.00	0.31	0.005
0.32	0.00	0.32	0.005
0.33	0.00	0.33	0.005
0.34	0.00	0.34	0.005
0.35	0.00	0.35	0.005
0.36	0.00	0.36	0.005
0.37	0.00	0.37	0.005
0.38	0.00	0.38	0.005
0.39	0.00	0.39	0.005
0.40	0.00	0.40	0.005
0.41	0.00	0.41	0.005
0.42	0.00	0.42	0.005
0.43	0.00	0.43	0.005
0.44	0.00	0.44	0.005
0.45	0.00	0.45	0.005
0.46	0.00	0.46	0.005
0.47	0.00	0.47	0.005
0.48	0.00	0.48	0.005
0.49	0.00	0.49	0.005
0.50	0.00	0.50	0.005
0.50	0.01	0.50	0.005
0.50	0.02	0.50	0.005
0.50	0.03	0.50	0.005
0.50	0.04	0.50	0.005
0.50	0.05	0.50	0.005
0.50	0.06	0.50	0.005
0.50	0.07	0.50	0.005
0.50	0.08	0.50	0.005
0.50	0.09	0.50	0.005
0.50	0.10	0.50	0.005
0.50	0.11	0.50	0.005
0.50	0.12	0.50	0.005
0.50	0.13	0.50	0.005
0.50	0.14	0.50	0.005
0.50	0.15	0.50	0.005
0.50	0.16	0.50	0.005
0.50	0.17	0.50	0.005
0.50	0.18	0.50	0.005
0.50	0.19	0.50	0.005
0.50	0.20	0.50	0.005
0.50	0.21	0.50	0.005
0.50	0.22	0.50	0.005
0.50	0.23	0.50	0.005
0.50	0.24	0.50	0.005
0.50	0.25	0.50	0.005
0.50	0.25	0.51	0.005
0.50	0.25	0.52	0.005
0.50	0.25	0.53	0.005
0.50	0.25	0.54	0.005
0.50	0.25	0.55	0.005
0.50	0.25	0.56	0.005
0.50	0.25	0.57	0.005
0.50	0.25	0.58	0.005
0.50	0.25	0.59	0.005
0.50	0.25	0.60	0.005
0.50	0.25	0.61	0.005
0.50	0.25	0.62	0.005
0.50	0.25	0.63	0.005
0.50	0.25	0.64	0.005
0.50	0.25	0.65	0.005
0.50	0.25	0.66	0.005
0.50	0.25	0.67	0.005
0.50	0.25	0.68	0.005
0.50	0.25	0.69	0.005
0.50	0.25	0.70	0.005
0.50	0.25	0.71	0.005
0.50	0.25	0.72	0.005
0.50	0.25	0.73	0.005
0.50	0.25	0.74	0.005
0.50	0.25	0.75	0.005
0.50	0.25	0.75	0.005
0.49	0.25	0.75	0.005
0.49	0.25	0.75	0.005
0.48	0.25	0.75	0.005
0.48	0.25	0.75	0.005
0.47	0.25	0.75	0.005
0.47	0.25	0.75	0.005
0.46	0.25	0.75	0.005
0.46	0.25	0.75	0.005
0.45	0.25	0.75	0.005
0.45	0.25	0.75	0.005
0.44	0.25	0.75	0.005
0.44	0.25	0.75	0.005
0.43	0.25	0.75	0.005
0.43	0.25	0.75	0.005
0.42	0.25	0.75	0.005
0.42	0.25	0.75	0.005
0.41	0.25	0.75	0.005
0.41	0.25	0.75	0.005
0.40	0.25	0.75	0.005
0.40	0.25	0.75	0.005
0.39	0.25	0.75	0.005
0.39	0.25	0.75	0.005
0.38	0.25	0.75	0.005
0.38	0.25	0.75	0.005
0.38	0.26	0.75	0.005
0.38	0.26	0.75	0.005
0.38	0.27	0.75	0.005
0.38	0.27	0.75	0.005
0.38	0.28	0.75	0.005
0.38	0.28	0.75	0.005
0.38	0.29	0.75	0.005
0.38	0.29	0.75	0.005
0.38	0.30	0.75	0.005
0.38	0.30	0.75	0.005
0.38	0.31	0.75	0.005
0.38	0.31	0.75	0.005
0.38	0.32	0.75	0.005
0.38	0.32	0.75	0.005
0.38	0.33	0.75	0.005
0.38	0.33	0.75	0.005
0.38	0.34	0.75	0.005
0.38	0.34	0.75	0.005
0.38	0.35	0.75	0.005
0.38	0.35	0.75	0.005
0.38	0.36	0.75	0.005
0.38	0.36	0.75	0.005
0.38	0.37	0.75	0.005
0.38	0.37	0.75	0.005
0.38	0.38	0.75	0.005
0.36	0.36	0.75	0.005
0.35	0.35	0.75	0.005
0.33	0.33	0.75	0.005
0.32	0.32	0.75	0.005
0.30	0.30	0.75	0.005
0.29	0.29	0.75	0.005
0.27	0.27	0.75	0.005
0.26	0.26	0.75	0.005
0.24	0.24	0.75	0.005
0.23	0.23	0.75	0.005
0.21	0.21	0.75	0.005
0.20	0.20	0.75	0.005
0.18	0.18	0.75	0.005
0.17	0.17	0.75	0.005
0.15	0.15	0.75	0.005
0.14	0.14	0.75	0.005
0.12	0.12	0.75	0.005
0.11	0.11	0.75	0.005
0.09	0.09	0.75	0.005
0.08	0.08	0.75	0.005
0.06	0.06	0.75	0.005
0.05	0.05	0.75	0.005
0.03	0.03	0.75	0.005
0.02	0.02	0.75	0.005
0.00	0.00	0.75	0.005
0.00	0.00	0.72	0.005
0.00	0.00	0.69	0.005
0.00	0.00	0.66	0.005
0.00	0.00	0.63	0.005
0.00	0.00	0.60	0.005
0.00	0.00	0.57	0.005
0.00	0.00	0.54	0.005
0.00	0.00	0.51	0.005
0.00	0.00	0.48	0.005
0.00	0.00	0.45	0.005
0.00	0.00	0.42	0.005
0.00	0.00	0.39	0.005
0.00	0.00	0.36	0.005
0.00	0.00	0.33	0.005
0.00	0.00	0.30	0.005
0.00	0.00	0.27	0.005
0.00	0.00	0.24	0.005
0.00	0.00	0.21	0.005
0.00	0.00	0.18	0.005
0.00	0.00	0.15	0.005
0.00	0.00	0.12	0.005
0.00	0.00	0.09	0.005
0.00	0.00	0.06	0.005
0.00	0.00	0.03	0.005
0.00	0.00	0.00	0.005
