150 crystal                   
0.01	0.00	0.00	0.010
0.02	0.00	0.00	0.010
0.03	0.00	0.00	0.010
0.04	0.00	0.00	0.010
0.05	0.00	0.00	0.010
0.06	0.00	0.00	0.010
0.07	0.00	0.00	0.010
0.08	0.00	0.00	0.010
0.09	0.00	0.00	0.010
0.10	0.00	0.00	0.010
0.11	0.00	0.00	0.010
0.12	0.00	0.00	0.010
0.13	0.00	0.00	0.010
0.14	0.00	0.00	0.010
0.15	0.00	0.00	0.010
0.16	0.00	0.00	0.010
0.17	0.00	0.00	0.010
0.18	0.00	0.00	0.010
0.19	0.00	0.00	0.010
0.20	0.00	0.00	0.010
0.21	0.00	0.00	0.010
0.22	0.00	0.00	0.010
0.23	0.00	0.00	0.010
0.24	0.00	0.00	0.010
0.25	0.00	0.00	0.010
0.26	0.00	0.00	0.010
0.27	0.00	0.00	0.010
0.28	0.00	0.00	0.010
0.29	0.00	0.00	0.010
0.30	0.00	0.00	0.010
0.31	0.00	0.00	0.010
0.32	0.00	0.00	0.010
0.33	0.00	0.00	0.010
0.34	0.00	0.00	0.010
0.35	0.00	0.00	0.010
0.36	0.00	0.00	0.010
0.37	0.00	0.00	0.010
0.38	0.00	0.00	0.010
0.39	0.00	0.00	0.010
0.40	0.00	0.00	0.010
0.41	0.00	0.00	0.010
0.42	0.00	0.00	0.010
0.43	0.00	0.00	0.010
0.44	0.00	0.00	0.010
0.45	0.00	0.00	0.010
0.46	0.00	0.00	0.010
0.47	0.00	0.00	0.010
0.48	0.00	0.00	0.010
0.49	0.00	0.00	0.010
0.50	0.00	0.00	0.010
0.49	0.00	0.00	0.005
0.48	0.00	0.00	0.005
0.47	0.00	0.00	0.005
0.46	0.00	0.00	0.005
0.45	0.00	0.00	0.005
0.44	0.00	0.00	0.005
0.43	0.00	0.00	0.005
0.42	0.00	0.00	0.005
0.41	0.00	0.00	0.005
0.40	0.00	0.00	0.005
0.39	0.00	0.00	0.005
0.38	0.00	0.00	0.005
0.37	0.00	0.00	0.005
0.36	0.00	0.00	0.005
0.35	0.00	0.00	0.005
0.34	0.00	0.00	0.005
0.33	0.00	0.00	0.005
0.33	0.01	0.00	0.005
0.33	0.02	0.00	0.005
0.33	0.03	0.00	0.005
0.33	0.04	0.00	0.005
0.33	0.05	0.00	0.005
0.33	0.06	0.00	0.005
0.33	0.07	0.00	0.005
0.33	0.08	0.00	0.005
0.33	0.09	0.00	0.005
0.33	0.10	0.00	0.005
0.33	0.11	0.00	0.005
0.33	0.12	0.00	0.005
0.33	0.13	0.00	0.005
0.33	0.14	0.00	0.005
0.33	0.15	0.00	0.005
0.33	0.16	0.00	0.005
0.33	0.17	0.00	0.005
0.33	0.18	0.00	0.005
0.33	0.19	0.00	0.005
0.33	0.20	0.00	0.005
0.33	0.21	0.00	0.005
0.33	0.22	0.00	0.005
0.33	0.23	0.00	0.005
0.33	0.24	0.00	0.005
0.33	0.25	0.00	0.005
0.33	0.26	0.00	0.005
0.33	0.27	0.00	0.005
0.33	0.28	0.00	0.005
0.33	0.29	0.00	0.005
0.33	0.30	0.00	0.005
0.33	0.31	0.00	0.005
0.33	0.32	0.00	0.005
0.33	0.33	0.00	0.005
0.32	0.32	0.00	0.005
0.31	0.31	0.00	0.005
0.30	0.30	0.00	0.005
0.29	0.29	0.00	0.005
0.28	0.28	0.00	0.005
0.27	0.27	0.00	0.005
0.26	0.26	0.00	0.005
0.25	0.25	0.00	0.005
0.24	0.24	0.00	0.005
0.23	0.23	0.00	0.005
0.22	0.22	0.00	0.005
0.21	0.21	0.00	0.005
0.20	0.20	0.00	0.005
0.19	0.19	0.00	0.005
0.18	0.18	0.00	0.005
0.17	0.17	0.00	0.005
0.17	0.16	0.00	0.005
0.17	0.15	0.00	0.005
0.17	0.14	0.00	0.005
0.17	0.13	0.00	0.005
0.17	0.12	0.00	0.005
0.17	0.11	0.00	0.005
0.17	0.10	0.00	0.005
0.17	0.09	0.00	0.005
0.17	0.08	0.00	0.005
0.17	0.07	0.00	0.005
0.17	0.06	0.00	0.005
0.17	0.05	0.00	0.005
0.17	0.04	0.00	0.005
0.17	0.03	0.00	0.005
0.17	0.02	0.00	0.005
0.17	0.01	0.00	0.005
0.17	0.00	0.00	0.005
0.16	0.00	0.00	0.005
0.15	0.00	0.00	0.005
0.14	0.00	0.00	0.005
0.13	0.00	0.00	0.005
0.12	0.00	0.00	0.005
0.11	0.00	0.00	0.005
0.10	0.00	0.00	0.005
0.09	0.00	0.00	0.005
0.08	0.00	0.00	0.005
0.07	0.00	0.00	0.005
0.06	0.00	0.00	0.005
0.05	0.00	0.00	0.005
0.04	0.00	0.00	0.005
0.03	0.00	0.00	0.005
0.02	0.00	0.00	0.005
0.01	0.00	0.00	0.005
0.00	0.00	0.00	0.005
