energy epsilon1 epsilon2
0.1 4.344901628519825 5.2552153430631
0.11 2.1593692888296454 2.0824439751661
0.12 2.425683542877692 0.12103958375106
0.13 3.1397881535729755 0.00084490555745696
0.14 3.618063670613066 0.0013016428493565
0.15 4.005274919072059 0.13410927796678
0.16 4.537965565632061 0.025754315672497
0.17 5.347227378716416 0.38563121763777
0.18 7.155427449427939 0.70431704102595
0.19 3.6095574091745184 11.987119395591
0.2 -0.6899607515991013 2.6033304307182
0.21 0.5955160142065026 0.0538349933859
0.22 1.8723408759152296 9.8275598958936e-05
0.23 2.717635651805068 0.00013430110236585
0.24 3.497252807405176 0.32003648409257
0.25 4.989031167866111 0.39894402772425
0.26 2.164558102383246 9.2278270134234
0.27 -0.47722506484816035 0.20257842967957
0.28 1.2915447310318282 0.01885271123846
0.29 1.6714802796164305 1.082008729156
0.3 1.8700142474150896 0.020883361922782
0.31 2.7303609652452083 0.00014494844936447
0.32 3.2711807927418937 1.2908717580407
0.33 2.0424433232774044 3.8733202563843
0.34 1.8104459355723037 0.24495452581818
0.35 0.9779127664688358 4.726625854419
0.36 -0.17061919881418267 0.031142384355876
0.37 0.7636277731798015 1.5218052057728e-07
0.38 1.1490350829501939 1.2167498706689e-07
0.39 1.3730100137216303 1.9069253158511e-09
0.4 1.5262682817429742 3.755425992764e-09
0.41 1.6413036722918417 1.8152921577758e-09
0.42 1.7332390211039959 1.7890297860335e-09
0.43 1.8104232654392602 6.360542233740201e-10
0.44 1.878211414688807 6.5564555099283e-11
0.45 1.940754340782417 1.0637893436673e-09
0.46 2.002522433849315 2.1333046109293e-08
0.47 2.0709496775936778 0.0017431989850306
0.48 2.1231924284306274 0.052899084544745
0.49 2.204228897750731 0.00053901413821606
0.5 2.414494799740725 0.0071627003057839
0.51 2.2382591755302848 0.9001907082717
0.52 1.8814023697178306 0.43865297064351
0.53 1.8578124548719006 0.20468474921082
0.54 1.9561848634810155 7.7546150114573e-05
0.55 2.0999995033001184 0.0088247991420113
0.56 2.1866694624530196 0.10627524241274
0.57 2.2809781452627567 0.14361960114068
0.58 2.0355477407264964 0.80483291392516
0.59 1.8559389079648143 0.001518451843037
0.6 2.0746037879410695 0.00013753545003598
0.61 2.0810644922784416 0.29911149727003
0.62 1.9592846033395932 0.21833956805006
0.63 1.9700526421618936 5.3500592047198e-05
0.64 2.047545887125201 2.0437966573098e-09
0.65 2.0919153409772933 6.0204831151241e-05
0.66 2.1241084667667 0.0061788706664489
0.67 2.1567245044731767 0.0017582965239887
0.68 2.165047438017032 0.055111015036355
0.69 2.1662684213268752 0.015061901082601
0.7 2.191345395713272 0.0059434668133331
0.71 2.216086259717913 0.0064768280223446
0.72 2.2443868749022093 3.5587143108292e-05
0.73 2.282985367611352 3.8507244876445e-06
0.74 2.3461291199976353 0.00012131804843086
0.75 2.4219998177666455 0.095999344216002
0.76 2.262090820848499 0.51683629236286
0.77 2.1515592845464853 0.042343944699891
0.78 2.267596618440703 0.10245927193882
0.79 2.214565768984322 0.31813919172476
0.8 2.1757630619307795 0.10772327673452
0.81 2.121871460423934 0.31938139020884
0.82 2.0657841099452385 0.033878955904139
0.83 2.141844036184126 0.00034122291382533
0.84 2.2012776224050574 1.6044978449085e-05
0.85 2.2508184133176106 0.031704026689624
0.86 2.223182801102486 0.17048611909385
0.87 2.169246655429754 0.089389017116477
0.88 2.1932258640362674 0.015681401615226
0.89 2.2110276101864446 0.072618992481152
0.9 2.197707766452524 0.052535801069086
0.91 2.216352291223759 1.4627948727473e-05
0.92 2.2617461837057924 0.0015280363168954
0.93 2.2698953318204866 0.088801822361248
0.94 2.213406588110749 0.1322659273412
0.95 2.2000106146259966 0.00029789908816774
0.96 2.2483001707838772 0.00043230402255708
0.97 2.237940427045607 0.088247233832418
0.98 2.2200715243669222 0.0061696821845527
0.99 2.2418526784172044 5.245552809211e-06
1.0 2.2558862243488806 3.6284546250451e-06
1.01 2.266092672580061 1.034043607604e-07
1.02 2.2746400736282975 1.6991361108431e-07
1.03 2.282237404937092 5.2919586309491e-05
1.04 2.2892821133879804 8.0478771280884e-06
1.05 2.2959132043510433 0.0002123772887591
1.06 2.302257603848966 0.00020566831175219
1.07 2.308691441576489 1.538504004104e-05
1.08 2.3155016940584505 5.6622737488697e-06
1.09 2.323420863935343 2.8533353223123e-05
1.1 2.3339656878153905 0.0024527393793075
1.11 2.3284267341714266 0.034845329941585
1.12 2.322501321687726 0.004370490159928
1.13 2.3329386527470013 0.0015887822882662
1.14 2.3438650395538367 0.00078299292362493
1.15 2.3485448445328014 0.017448858857365
1.16 2.3418301013060665 0.024491775415664
1.17 2.343039629479136 0.0026364148042734
1.18 2.3495420840880357 0.0098927384416275
1.19 2.3546657257882706 0.0010200704327171
1.2 2.361094544395663 0.0067653340028356
1.21 2.3635815441901387 0.0076852196625211
1.22 2.3659014684551827 0.006316432834666
1.23 2.3715959518101175 0.00024279594446646
1.24 2.375667020581876 0.0074057441836131
1.25 2.378793944561844 0.00026023289260923
1.26 2.3852382684220896 0.00014912722132405
1.27 2.390057832980985 0.0018202148336823
1.28 2.3947844216774645 9.237496238137e-05
1.29 2.399793499971687 0.0011901228206033
1.3 2.404904371788095 0.00010745484763248
1.31 2.4099907174119313 0.002089823439827
1.32 2.413290226471951 0.0039724163357379
1.33 2.4169133373763554 0.001515736929169
1.34 2.4222626793818494 0.00014584506911086
1.35 2.4280205693934453 0.0001142510533161
1.36 2.433841442530289 0.00021799919472974
1.37 2.4400013452359843 0.00064100021899041
1.38 2.4470699168632355 0.0014372166487876
1.39 2.4527603944274796 0.0081653377575129
1.4 2.450809907148181 0.018593675481953
1.41 2.451725212203621 0.00304010259113
1.42 2.460567090077499 0.0014470258450176
1.43 2.4699165680338337 2.5165862786841e-05
1.44 2.4823809179232716 0.00020707130077007
1.45 2.490591681332002 0.017666222125078
1.46 2.4894549814557307 0.029367671594562
1.47 2.4814966494336974 0.035596476449429
1.48 2.4893491778823744 0.00077061850625381
1.49 2.521895499377104 0.002750905750784
1.5 2.5164102033941624 0.09140384089354
1.51 2.487417322274009 0.070363925424937
1.52 2.458336024384263 0.091791515752571
1.53 2.450400037312976 0.0069721918592951
1.54 2.4733007383437426 0.0063948289554984
1.55 2.4872478098302055 1.5850539369737e-05
1.56 2.50046964354544 0.00027424147751185
1.57 2.5109142342841895 0.0029840351743385
1.58 2.52125214076154 0.003125822279191
1.59 2.5291264364187684 0.013252060973672
1.6 2.5290405784114256 0.022595884998309
1.61 2.5287706806480124 0.014287896249595
1.62 2.5396247455560887 0.00010081934025725
1.63 2.5610430060774143 0.00013857241461276
1.64 2.566040450374781 0.04469055736672
1.65 2.5420715974056542 0.062530168427593
1.66 2.54419660870949 0.0010958693316828
1.67 2.547469008837344 0.050791525897226
1.68 2.5410818685169048 0.0050259401062142
1.69 2.5566565865028106 1.7557843973493e-06
1.7 2.568345675298284 7.5658555174467e-07
1.71 2.5777464898112994 6.3960271274305e-06
1.72 2.586318857080793 4.4487274965085e-06
1.73 2.594560746417325 0.00013639891648905
1.74 2.6020392167223494 0.0012515181198927
1.75 2.60942110533402 0.00020808702172828
1.76 2.6173941889600068 1.8017704388013e-05
1.77 2.6254167454940074 1.2343057929397e-06
1.78 2.633561961754958 6.404852751845e-07
1.79 2.6420425194396815 1.0468435326043e-05
1.8 2.6505589529966933 0.0011140836260026
1.81 2.6579568767818484 0.0032769394662501
1.82 2.6652108123011335 0.002063098632332
1.83 2.674386032987246 9.0514011897763e-07
1.84 2.6851581166253875 5.018830546998e-07
1.85 2.6967920184445844 0.0022623232159705
1.86 2.700788284890477 0.017490276813829
1.87 2.705424756479138 0.0032771515664829
1.88 2.7145929217890195 0.0080773528593883
1.89 2.723754660977826 7.3837344054038e-06
1.9 2.7363134165538003 8.8130969490815e-07
1.91 2.748167318908365 3.0532805310892e-06
1.92 2.760165008358842 4.1471063513113e-06
1.93 2.772569981151183 3.8813747339341e-06
1.94 2.785542932214177 1.055107882124e-05
1.95 2.7992203933222535 3.1864653213536e-05
1.96 2.8137853404476774 1.1065379430063e-05
1.97 2.8294657447698173 8.6432976594419e-06
1.98 2.8465456438407286 1.2464511091409e-05
1.99 2.8654694429652974 4.8472245206032e-06
2.0 2.8869181203150216 2.9535902827438e-05
2.01 2.912015614638676 0.00010005856134696
2.02 2.9430155612259807 6.2514776421651e-05
2.03 2.984850004247752 0.00015829950337652
2.04 3.052101191966892 6.5818974541453e-07
2.05 3.2087647768111545 0.0066985824168472
2.06 2.974166276725326 0.83525904513713
2.07 2.734368884050503 0.035487833601478
2.08 2.90561020496883 0.00055024162050044
2.09 3.039388816080199 0.00020637165067888
2.1 3.237249984136282 0.047917032150818
2.11 2.932834891408397 1.0383536620359
2.12 2.649022667443445 0.0075542586366682
2.13 2.8598418072949063 2.8255246672689e-08
2.14 2.974769658360151 3.551283016076e-11
2.15 3.091339476575759 1.9048875405149e-07
2.16 3.2957038044689666 0.015038619339687
2.17 3.14719887992932 0.85434283857054
2.18 2.734629537330139 0.56666726983991
2.19 2.7286346620159527 0.00034877583657213
2.2 2.903297889243193 2.7787582941239e-07
2.21 2.998004349072168 2.6178921314278e-07
2.22 3.0727802495620073 6.3092859280497e-07
2.23 3.143189784956951 2.8518454646105e-08
2.24 3.217154386981593 1.1188638589245e-09
2.25 3.301957383956987 1.7920942222014e-09
2.26 3.408552278177988 7.6102555340074e-07
2.27 3.560719406323209 8.0162379775526e-06
2.28 3.837041349603491 1.9045554591066e-05
2.29 4.292083133162706 0.33683273239365
2.3 3.2670434647118056 3.1235856084023
2.31 2.4206216236101716 0.0097298797948486
2.32 3.0579188585613624 4.2617708402195e-06
2.33 3.415508997360215 7.8308221406222e-06
2.34 3.814226217508674 3.0356303389075e-05
2.35 4.6358536938644175 0.009889574071103
2.36 3.6760523149359607 3.9464254255051
2.37 2.4852480863920676 0.71896732049022
2.38 3.467534733159931 0.13117790159761
2.39 2.9180037222459037 3.1504698401286
2.4 2.394756701619507 0.025572591382551
2.41 3.0649695977026026 0.90335780868993
2.42 2.723299559728553 1.5625728624298
2.43 2.6687262988222575 0.39154525567033
2.44 2.814588151166793 1.0220838770081
2.45 2.991885932836138 0.20388769955793
2.46 4.110372044868167 0.042887459306974
2.47 2.7926204516594137 5.2120198695308
2.48 0.9576980073795267 0.9974636420182
2.49 1.57925623903364 0.0001748746327084
2.5 2.1117744859089425 1.9250972757526e-08
2.51 2.3983292523183586 4.6205172172162e-08
2.52 2.610437294858129 1.7629151606391e-08
2.53 2.8072356621079693 5.1481753171448e-08
2.54 3.0516635359945514 4.7405169258706e-06
2.55 3.4138866179683927 0.16040267341953
2.56 2.854593732884225 1.9244220329158
2.57 2.3750069565504948 0.0077454476082751
2.58 2.8100396732200768 3.8701020263412e-07
2.59 3.072267690630034 1.2785476850668e-07
2.6 3.362750916577887 3.7998244516137e-07
2.61 3.906076081899873 0.045125546132427
2.62 3.1807018929105633 2.6807644146551
2.63 2.482939661735753 0.05342671080652
2.64 3.1365727068188303 6.6141484490978e-07
2.65 3.805012561957657 0.029168798288841
2.66 3.1754048659582947 2.6078333100995
2.67 2.5252342969096 0.078217330816641
2.68 3.1548553613206005 2.0184007091114e-06
2.69 3.64922785927371 4.3458121412822e-07
2.7 4.389394309058679 0.00016965598364093
2.71 5.222863782500446 1.2926890261418
2.72 2.772972211696187 6.88540904997
2.73 0.9666475981841319 0.019084729307394
2.74 2.3813197182795203 1.1052081584984e-06
2.75 3.25725230876738 0.032938910558004
2.76 3.5069674517470357 1.4483732518466
2.77 3.0536158227412873 1.8214428355904
2.78 2.7931541896223306 1.4702753384571
2.79 2.8416841675172795 1.5135966259129
2.8 1.8416477733691246 3.1643751602656
2.81 1.3365072520376584 0.019604392358274
2.82 2.119369501110808 5.7791597324474e-08
2.83 2.5199423792566162 2.7103920922783e-09
2.84 2.829456826601673 4.1705480099671e-09
2.85 3.1405836769914828 6.745804588499601e-10
2.86 3.5484105002883535 3.6451371117515e-08
2.87 4.374718824995618 0.012402925110416
2.88 3.6371159501811436 3.6194263379824
2.89 2.435452556151189 1.2239422172925
2.9 3.025741347429932 0.37063224828634
2.91 3.3310929633950934 1.5763173685568
2.92 2.6227481263019268 2.1913896822536
2.93 2.76075298123083 0.050698482580452
2.94 3.5292895350193088 1.1694469593723
2.95 2.901269745166444 2.7458506700695
2.96 2.3635052662702196 1.1533531614899
2.97 2.9270638087412517 0.72565200951178
2.98 3.3192592122434967 1.7202211131426
2.99 2.04333473015778 3.9058058329446
3.0 1.4675911115177707 0.21650995745759
3.01 2.723323295901763 0.33000079306284
3.02 2.032105787980843 3.3149965597657
3.03 1.3635422520913485 0.027182241744902
3.04 2.2569026265590826 1.5899831864578e-07
3.05 3.039079289225106 0.01797547264301
3.06 2.930441928642876 2.0818282299244
3.07 1.8657876637853972 1.9596774142023
3.08 1.7833462267864832 0.031052412127977
3.09 2.4646163199618543 1.7630259783438e-07
3.1 3.0846083938635025 0.0029353052481609
3.11 3.5480039673271127 0.93676138512917
3.12 2.4932510211110612 3.2811081362082
3.13 1.7402439996406918 0.50091671564845
3.14 2.063045248718491 0.89347341140467
3.15 2.1108610401771126 0.33412374174175
3.16 2.488798671282992 4.1936922946825e-05
3.17 3.0764577994251865 0.0093234178132652
3.18 2.8141980636326105 1.7209315288863
3.19 2.5404743989682204 0.20491761087896
3.2 2.940131929205429 0.62804758177743
3.21 2.573463580256383 1.4760756889442
3.22 2.382274691676096 0.16716122476484
3.23 2.857385956343927 6.3583779858536e-06
3.24 3.3806412467616482 7.2943499917923e-05
3.25 3.8287022515170017 0.63570669398169
3.26 3.3311302713160993 2.2836877218264
3.27 2.9712207291219346 0.90510938436133
3.28 2.5457863402221177 2.3864117451817
3.29 2.469746367093533 0.045882241005949
3.3 2.5378964522884035 1.7768711521281
3.31 2.3382350197325614 0.029972029416167
3.32 2.9460653337771663 1.6981174762613e-07
3.33 3.453626712394895 2.1169992286626e-08
3.34 4.2541781553295195 0.013140505643658
3.35 3.8692256199011084 2.8006548372863
3.36 3.859522614264243 0.34584079124402
3.37 2.8816503241826226 4.9037201339886
3.38 1.826067765973245 0.056880090462315
3.39 3.1894607532454153 4.2742764743334e-06
3.4 4.5224859327981335 0.18829315196529
3.41 3.9884696378548585 4.4195676060242
3.42 2.823837717705139 2.4616165221639
3.43 1.721673736332074 4.4539561667702
3.44 0.8978428450199792 0.97309993666636
3.45 1.944896093022825 0.00078368239580905
3.46 3.2473097702815332 0.12355977047838
3.47 2.733111646848399 3.6048790761055
3.48 2.0645239893436003 0.90667153618096
3.49 1.7107993019099417 2.864690839022
3.5 1.3958354916220013 0.047097987489588
3.51 2.323692836998434 1.8357468677492e-06
3.52 3.155706073472302 0.0074466372174398
3.53 3.549156576276295 1.4628001943989
3.54 2.677014479490918 2.9631008345651
3.55 2.1032934365081264 1.2295106418376
3.56 2.399454878639652 1.3227199048042
3.57 2.1662237015766963 1.965661350348
3.58 1.5763391198300434 1.633056580759
3.59 1.752398928967322 0.0014720722450092
3.6 2.5450929012925587 0.0032538730969652
3.61 3.0198019403514587 0.53611571455431
3.62 2.7916099396564293 1.4757152729171
3.63 2.9695405885410904 0.053204541404931
3.64 3.8012731677805656 0.84330787800612
3.65 3.015443972314796 3.4362528643409
3.66 2.608780755593297 0.70112928424306
3.67 2.724906067256952 2.6952296788299
3.68 1.6947291579753483 2.3950133302676
3.69 1.9130281019467557 0.010632364035193
3.7 3.3275114116897675 0.15863632716876
3.71 2.523892578841224 4.1296456027693
3.72 1.6076446731046807 0.47276180418901
3.73 2.780576211815304 0.37048905339749
3.74 2.51251600778221 2.8526681265877
3.75 2.3207046079297236 0.60415452846509
3.76 2.133446860712625 2.945518214645
3.77 1.547743608739215 1.0095087761324
3.78 2.4008696821657005 0.3895047579469
3.79 1.7286382962559816 3.4903381620536
3.8 0.9600554096342574 0.2038912175328
3.81 1.7211200051673707 0.11238875617489
3.82 2.172919777180573 0.093744955453508
3.83 2.7016869757792135 0.028866011521766
3.84 2.6216943471978604 1.3738780390426
3.85 2.634058193226964 0.13641600218603
3.86 2.791369216278881 1.3049324181057
3.87 2.580442310868553 0.83726251039437
3.88 2.969746839318564 0.43178456936923
3.89 3.237849634209722 1.40530285371
3.9 2.767827047530186 2.2185768653565
3.91 2.482408670609098 1.5287259939044
3.92 1.8464328876705658 2.8248489913204
3.93 1.1470937094865832 1.0806413270322
3.94 1.5655845736234506 0.0048092672456534
3.95 2.1612279964211014 0.00011057498912974
3.96 2.502862896200263 0.16050612210692
3.97 2.8285370971731028 0.081216420435834
3.98 3.057820135351711 0.53965579214042
3.99 3.103946057639012 0.68324814619706
4.0 3.131213342622378 0.82908391301052
4.01 3.341685195069592 0.64040765939175
4.02 3.48106312764846 1.3670014544329
4.03 3.020085376554435 2.0254010076014
4.04 2.9849923950782897 0.82462806703656
4.05 3.376653388447545 1.5152685424557
4.06 2.8695943593992785 2.6673160192488
4.07 2.2515248198429667 1.7384062646168
4.08 3.0356990924840215 0.27511154102647
4.09 2.3971286519634836 4.1560455047093
4.1 1.6636014433199056 0.24198404283206
4.11 2.38312587936771 1.1306731845385
4.12 2.8230714123841962 0.39966622553147
4.13 2.88446288324161 2.0312546857631
4.14 2.3998942275176987 1.4604042258919
4.15 3.047975708927067 0.27891571660566
4.16 2.7855964024203117 3.2098963122646
4.17 1.9752814268717258 1.231233455024
4.18 2.419405447203798 0.66496980520506
4.19 3.5195252826588024 0.016309034107832
4.2 3.5762394579436623 3.1544433606609
4.21 2.9739803098111195 2.2049903945438
4.22 2.107649934311022 4.2124769525973
4.23 1.1000388158313634 2.2044491387641
4.24 1.2066078494036188 1.5584262589335
4.25 1.494993204349781 1.1509900955612
4.26 1.1789888955282277 2.0568829052856
4.27 1.0630229863890632 0.15708818209405
4.28 1.7514303042599997 3.9955028271016e-05
4.29 2.179480797197537 0.21795204158482
4.3 2.3125772858995606 0.45590802713686
4.31 2.5739337947922403 0.00031992231210034
4.32 3.236012460409772 0.0026757366279914
4.33 3.206758703178887 1.6555081633199
4.34 2.9077494700170856 0.95168325312075
4.35 2.8905288547488084 1.3636136125786
4.36 3.1601943142939004 0.54377238106884
4.37 3.8378014004892673 1.207629533908
4.38 3.508929031959914 3.2542076108608
4.39 2.2977824599488907 3.5546955465041
4.4 1.5219675627014102 2.5874017516129
4.41 1.0442337713974634 2.3544886840946
4.42 0.8461225011693367 1.0311071721563
4.43 1.3910996990894533 0.016604122806383
4.44 2.1659793905348694 0.00017296898241432
4.45 2.6199636230341334 0.56616397787814
4.46 2.8441969232728486 0.88052999803648
4.47 2.5885853220465607 1.9976675324149
4.48 1.6347368951281058 2.2208802711503
4.49 1.4878732443091338 0.10783189328361
4.5 2.208696812184398 0.0015339799498383
4.51 2.867158473934795 0.002667566622429
4.52 2.8957302749156946 1.3964395776034
4.53 2.643474823203256 0.82213470713325
4.54 2.766300207881092 0.91277658854234
4.55 2.8303610329479887 0.98852811639341
4.56 3.1127148887998892 0.85891716955986
4.57 2.545425395237077 2.7011275103449
4.58 2.0339393658372993 0.63033614707138
4.59 2.8616434196782077 0.13604675001205
4.6 3.1132692884594952 1.661525104141
4.61 2.59735853231863 1.7702545426663
4.62 2.7057064637998267 0.81123538388773
4.63 2.571935190583858 2.1877150583183
4.64 2.4878110807315226 0.78626889504064
4.65 2.472949170249366 2.1443274247955
4.66 1.7583944766026334 1.7815293246037
4.67 1.705657047763139 0.4549262686361
4.68 2.2526934515689807 0.0076488145461959
4.69 2.8085292080030073 0.018760704935012
4.7 3.4381743863678094 0.0062126128236592
4.71 3.920853715558968 0.94136883847311
4.72 3.6428025895831797 2.2796384240056
4.73 2.8710173860430803 2.5502148407944
4.74 2.0379794467337526 2.3831120928468
4.75 2.079787655206594 0.43546430235732
4.76 2.885455172321907 0.56475606171331
4.77 3.1553233907684843 1.4520892721295
4.78 2.5008993552256427 2.4272528386021
4.79 2.428788093329522 0.45990694710958
4.8 2.608718236075531 1.7231666308304
4.81 2.6360368866094017 0.50710336418309
4.82 2.9541935018004826 1.1970247131381
4.83 2.890053988328052 1.1587507540885
4.84 2.98894277319383 0.94528642708407
4.85 3.356840857496056 0.75718958567363
4.86 3.672379127748651 1.3423450240713
4.87 3.9133441955550143 1.6011521531416
4.88 3.43120042657259 3.4367106802404
4.89 2.2456980450488766 3.1433817487646
4.9 2.250229814240514 1.1413471619991
4.91 2.449585879160675 2.3019890511844
4.92 2.3291202690096617 1.3673521173183
4.93 2.7479215319411585 1.3337405622698
4.94 2.533732811015517 2.4532912370358
4.95 2.2130408767948873 1.4100147521652
4.96 3.188717288826444 0.34105912550017
4.97 2.674162370686271 4.2445422815563
4.98 1.4762935083003292 1.4630367069967
4.99 2.467880079309335 0.052683340589268
5.0 2.8901947781222392 2.1282004270734
5.01 2.5754170602289763 1.51797475694
5.02 2.946034021895938 1.2904815791773
5.03 2.827412848116612 2.6956464137427
5.04 2.0408966645280606 2.6018414522964
5.05 2.2846187773967985 0.86804206441356
5.06 2.362356183580489 2.748855611682
5.07 1.8866623922602193 1.7577873336939
5.08 1.8599912016855342 1.791555742797
5.09 1.6984091963503707 1.4842301800949
5.1 2.2690692583873884 0.17566273129011
5.11 2.9041485557331015 1.4753009779113
5.12 2.3590540671794673 2.6115013418808
5.13 1.8992362856351779 1.5686375924716
5.14 1.7737013233330123 1.7659190175108
5.15 1.9623662252203933 0.66414512584315
5.16 1.889268385017491 1.8733279918338
5.17 1.9437842772705625 0.11010745781012
5.18 2.4396975671073338 0.86826094351711
5.19 2.6556949475879392 0.55390081774643
5.2 2.7504253954196973 1.2426410462691
5.21 3.196524728226002 0.36124287588065
5.22 2.9177728727167804 3.0385123851095
5.23 1.9104429075204405 1.8223506932321
5.24 2.000816663419018 0.85527849827249
5.25 2.2867379569668587 0.95651663185728
5.26 2.318406218500823 0.97050513959881
5.27 2.666538993599521 0.31176548167275
5.28 2.8126085971193917 1.3385653709762
5.29 2.75951716493244 0.7794327763147
5.3 2.729280511783138 1.3392947192831
5.31 2.7754147449007207 0.54237679812572
5.32 3.386029304091312 0.48832809184124
5.33 3.200455009492582 2.2123345022015
5.34 2.6554756880774995 1.3139339389514
5.35 2.647725602905967 1.0507521205776
5.36 3.1536955299606793 0.060586633571356
5.37 3.845161050330345 0.80854890697997
5.38 4.1022007571106425 1.4970707092576
5.39 3.2808319856638217 3.3724434652361
5.4 2.6096994834873977 1.3214101797636
5.41 3.4701780927889527 0.5698130210584
5.42 3.544692688750053 2.7510482321562
5.43 2.7105664165545393 2.2967887652957
5.44 3.1412569339944336 0.5352613960885
5.45 3.4883606360255635 2.3469070392072
5.46 3.5190468638335353 1.4131050770328
5.47 3.2899002835403173 3.1960070255562
5.48 3.0034394562713964 1.697724759156
5.49 3.3796750193263336 2.2815444677833
5.5 3.229089599569968 3.0177573961285
5.51 2.2155598787844384 4.0794547433564
5.52 1.3086569203352998 2.3325115231798
5.53 1.896722026539468 0.43064231298767
5.54 3.3406022784162697 0.35286399434322
5.55 3.2908923189930825 3.4170614128621
5.56 2.5696261725414167 2.1803323302165
5.57 2.4144466966087523 2.6690613284819
5.58 1.9970695665695846 2.3265861067043
5.59 2.225028011250713 1.1810610500184
5.6 2.750116950495834 1.6258394814876
5.61 2.709656025495517 2.3304744999236
5.62 2.588178007298467 2.1939597327001
5.63 1.7114497251527967 3.6446510904427
5.64 1.3850603873658474 0.69337157516295
5.65 2.342723895758044 0.79903285452402
5.66 2.5068244282886787 1.7907413862963
5.67 2.488218653984058 1.3140726447787
5.68 2.3857810308608562 2.0512048513901
5.69 2.1591519004872586 1.4316074923552
5.7 2.1511148420897737 1.3478547169839
5.71 2.637044539338183 0.26392255348153
5.72 3.133968610683118 1.3537783771762
5.73 3.14355796917198 1.4989173471717
5.74 2.8477676906737694 2.3241945688268
5.75 2.361019109356954 1.8973199932493
5.76 2.272055352500371 1.3020386530066
5.77 2.637239945497392 0.64325481929228
5.78 2.9404151011437536 1.0749759955271
5.79 3.4960662465931613 0.22853396671821
5.8 4.213506137590944 1.3832291951046
5.81 3.564750786987202 3.3447072387648
5.82 3.230486002735274 1.4819946977626
5.83 3.118982094175423 3.18559484126
5.84 2.55150094575616 2.2081011120815
5.85 2.3818943583723953 2.1663036977351
5.86 2.777286940513892 0.7655367604804
5.87 3.4397591153910114 1.7015699147574
5.88 2.8614297865332876 3.0938745236245
5.89 2.5931548289173607 1.1698140863571
5.9 3.4929818376201585 1.0366533636589
5.91 3.564496431149542 2.9198727130507
5.92 2.9708063490738588 2.7819551013389
5.93 2.4251933791967524 3.0295771129121
5.94 2.140203225374339 2.0186385381332
5.95 1.9887324299887954 2.1504576265891
5.96 2.2343316659163865 0.58174743716406
5.97 3.007577556014697 0.74737270814072
5.98 3.558554690741234 0.99160405455074
5.99 3.5950462240920262 2.0612688124287
6.0 3.525822064499124 1.6288598634907
6.01 3.4615634471989325 2.2825187936706
6.02 3.9338153903108704 1.008964450398
6.03 4.4160154594799685 3.0834615645855
6.04 3.044500429634157 5.0165345729503
6.05 1.8290778253785764 2.8363598088931
6.06 2.0512296390681803 1.5734880303387
6.07 2.977171023992608 0.73890111073404
6.08 3.2997398146794685 2.3852077943584
6.09 3.220538421055597 1.5090427426379
6.1 3.9744224157109196 1.2131237234477
6.11 4.542827022741365 2.536995881528
6.12 3.8136849102176082 4.4250150288903
6.13 3.2250702028571436 2.9847473220563
6.14 3.3418194944685147 3.5644429322563
6.15 2.555797206813389 4.6387612310473
6.16 2.031930895645066 2.9729691762247
6.17 2.1434372119672673 3.0705227730002
6.18 2.3249084944720106 2.5129371405659
6.19 1.9629698629272336 3.8030538939869
6.2 1.5042161004846717 2.1850588265524
6.21 2.3068894043539774 1.0720401647327
6.22 2.9936807674737134 2.2717378278075
6.23 2.491670192345688 3.4000330478906
6.24 2.5575623598290154 1.6146121152894
6.25 2.7708216938394314 3.4130221645918
6.26 1.7576212216172935 3.7822346801286
6.27 1.485393279960461 1.7742638997507
6.28 2.2460730294087505 1.4785579248513
6.29 1.8830131606929656 3.2929834201017
6.3 1.7287460584963312 0.71221496984413
6.31 2.672027075723495 0.97487043670939
6.32 3.1291650347787305 1.5081800449359
6.33 3.2105234376624847 2.1108030733659
6.34 2.931121893695887 2.5708035564209
6.35 2.654511928943114 2.2265721730171
6.36 2.5896551868577173 1.9069058751627
6.37 3.4595772835800593 0.4152206241941
6.38 4.55364983151638 2.1666634502089
6.39 3.4373937174746447 5.2765454702696
6.4 2.3536283773622286 2.7022021382033
6.41 2.3378800208137327 3.0506293703116
6.42 2.6728641301404217 1.4402085300756
6.43 3.8709510179524447 1.7369953290694
6.44 3.475039288049501 4.9990803135119
6.45 1.8803561579465486 4.3352825245132
6.46 2.0561445760760093 1.7483336171199
6.47 2.534771792943756 3.4010765202916
6.48 2.1136452396233127 3.2838835887461
6.49 1.4895686490837852 3.6016287412602
6.5 1.692076111498424 1.4161273088941
6.51 1.7381195203732636 3.3649074424313
6.52 1.1832037481978015 1.7761459846931
6.53 1.9815562332123218 0.31451053180154
6.54 3.1142761236227803 0.92239846674557
6.55 2.8048465251987746 3.0662903697112
6.56 2.563293691144841 1.048556896701
6.57 3.2935249470997583 1.4597194247146
6.58 3.4683105486345527 2.2369127340842
6.59 3.5376942248954637 2.291272969195
6.6 2.878404547008738 3.8813579575597
6.61 2.72022823456802 1.4560319974005
6.62 3.2908036791618325 2.5737643200182
6.63 3.1714061320661404 2.8150599600146
6.64 2.5268762657561052 3.5476600457985
6.65 3.093516672378925 0.66287914814572
6.66 3.6397551265441477 3.7802372386332
6.67 2.8132901386446814 3.4194480013514
6.68 3.006920662177407 2.5177751264403
6.69 2.0902350030571846 5.2333123614
6.7 1.5544708785564234 1.3205416828192
6.71 2.4825727892732696 1.9471153696952
6.72 2.828234021603209 1.8520397059774
6.73 3.2134253491875504 2.092301453814
6.74 3.0643948994786068 3.084981227162
6.75 2.587579078594475 2.6691970167159
6.76 3.4990271961693584 0.71183127664965
6.77 3.9190707444003126 3.895683370423
6.78 3.179135143586201 3.4029606142755
6.79 2.796681914141971 3.6822809603417
6.8 2.608815045665664 2.9391705371323
6.81 2.935516651849261 2.7733635075621
6.82 2.2853908494877158 4.5090367789909
6.83 1.9663721255964826 1.8608470288259
6.84 2.4843793221844153 2.4806788761473
6.85 2.8046635191132494 1.7695219780946
6.86 3.3188972357705095 2.2040051536753
6.87 3.4487920093225597 2.7289536180234
6.88 3.667671777651694 2.6438501319686
6.89 3.451388285381499 4.1474848851837
6.9 2.6642347196441594 4.0793167438338
6.91 1.90965930672322 3.8882849928965
6.92 1.7511790980665423 2.1287742926528
6.93 2.6447225221665143 1.0834669213234
6.94 3.899124636067831 1.3065985465547
6.95 3.7980501692758506 3.9584789685968
6.96 3.249347938371631 2.6226453843797
6.97 3.7750855076825895 2.3891940499117
6.98 3.848935224979539 3.6109861832972
6.99 3.8436210255738286 3.0021350924792
7.0 3.714699865770106 4.2193517496026
7.01 3.590438200043082 3.2196571111156
7.02 4.395955775401678 3.1644197025392
7.03 4.323002263594663 5.8182045645165
7.04 2.3617145584587558 7.2678672393287
7.05 1.3836242311638853 3.8883150573317
7.06 1.7545132480325973 3.7763937300042
7.07 2.6931867917126513 2.1924560701087
7.08 2.6225624204774487 5.5203335083382
7.09 1.9312753189359289 3.33659389456
7.1 2.203416339913226 3.6814413637017
7.11 1.9101878363343658 3.7025607172218
7.12 2.862121888539053 1.2866647967733
7.13 3.521559766921396 4.4341282938179
7.14 3.329542061896022 3.6616974625802
7.15 2.06647739835218 6.801536486794
7.16 1.8277134802865478 1.6504538351377
7.17 3.0293617590480912 4.1095438543015
7.18 2.0260362927423734 5.3361998235403
7.19 2.151712251747111 2.2747638620317
7.2 2.7510036877685717 4.5579287339811
7.21 1.5425750666889961 5.3191480772489
7.22 1.4424616952136242 2.28176909478
7.23 2.084321891489603 3.2747068933104
7.24 2.4851787502808382 2.2820249117477
7.25 2.923917048450077 3.2879226072917
7.26 2.896640912377698 3.2185959513173
7.27 3.696688470870769 2.324070960919
7.28 3.9747407657670446 4.9641736622627
7.29 2.861482947321653 5.5374324016376
7.3 2.5889364864233473 3.8252655930562
7.31 3.0140064269351767 4.237348320414
7.32 3.82149411499563 3.789960829914
7.33 2.570078429810077 8.6920369824184
7.34 0.9846137380019082 4.5826584572383
7.35 1.4605589624272057 4.517963316951
7.36 1.6078227410215225 4.3384320267087
7.37 1.8693650574020595 4.1394361742651
7.38 1.787112535973362 4.9142566362971
7.39 1.9758441793587878 3.9065229156236
7.4 1.5965824265989497 6.1380594980273
7.41 0.6533969071453872 4.7378517027535
7.42 0.8333042375494064 3.6428714974567
7.43 1.2645375525779723 3.6726896350828
7.44 1.1923608391284843 4.127520994761
7.45 1.7549443210366353 2.5578952662975
7.46 1.7759704112814703 5.2047157689935
7.47 1.0800323852010127 3.8089988125755
7.48 1.4185627142973964 3.1531593791935
7.49 2.3242843505197337 2.7531896431373
7.5 2.152148337983707 5.4259184299672
7.51 1.6975159237516675 3.7840400827585
7.52 1.7910695294769994 4.9095740693839
7.53 0.4425279523428345 6.0569841168217
7.54 0.3372662291613967 2.0411996514414
7.55 1.4834412007106261 3.0600134869366
7.56 1.2097189652772302 3.9047579220178
7.57 1.7073231340441062 1.4845715256509
7.58 3.1402224205155496 2.4303591879822
7.59 3.5917172264969457 4.2428575768164
7.6 2.572081153776424 6.3892350672102
7.61 1.5076169989220625 5.0276938441883
7.62 1.616261373683267 4.4200875228578
7.63 1.068437770825732 5.861230677049
7.64 0.55363410755417 3.8896025824626
7.65 0.905436059697761 3.6383443912587
7.66 1.4161160642436972 3.0166334837129
7.67 2.1369024667844108 3.3730505638886
7.68 1.78989387124066 5.2644932655829
7.69 1.3762317245211027 3.8164907746043
7.7 1.2898719178915437 4.5694257259582
7.71 1.6296368767710043 2.8774465894258
7.72 1.8890310650186055 4.737100602074
7.73 1.8197741031648609 3.6965706190623
7.74 1.763035596921621 5.0140388218913
7.75 1.7167025020237634 3.9668143456139
7.76 1.0548550280693816 6.0924805624835
7.77 0.6782312576937891 2.9714129456744
7.78 1.8336236950827534 2.9208029854242
7.79 2.6105486023829796 3.7164887459149
7.8 2.609233293556101 5.1910208266142
7.81 2.2123774435850696 5.5103473535143
7.82 1.3469356359000026 6.714060534888
7.83 0.332604412307184 5.7190343312336
7.84 0.15950983933130172 4.5213624680583
7.85 0.7459939746116862 3.5333879635628
7.86 1.5203584479458252 3.9132984381399
7.87 2.023811311792895 4.6176446168854
7.88 1.1709268139465505 7.1355590100461
7.89 0.22319800963077024 5.2535865741667
7.9 -0.3683044015836089 6.1139992294012
7.91 -0.36670526424756367 3.3430409493036
7.92 0.3848589243302907 4.1723068641437
7.93 0.5423473348051716 4.194236571602
7.94 0.6122582004258212 4.6814118002105
7.95 -0.18816878191373945 5.8547603100856
7.96 -1.0895236083940563 4.2977096415341
7.97 -0.3291040725937283 1.9782856805603
7.98 0.6654914105834124 3.232413821581
7.99 0.5058132585406815 3.8950804615788
8.0 0.6851409220727255 2.7688992627531
8.01 1.2273445594460315 3.3898224551928
8.02 1.2444894979461862 3.9935490446047
8.03 0.9163436387573327 4.2596301566137
8.04 1.3664094095620625 2.8875618068274
8.05 1.4456268071538707 5.1892014480679
8.06 1.1582055750710774 3.9530948637304
8.07 0.9691763088193598 5.2779571385929
8.08 1.0154004265350327 3.649710055868
8.09 1.3756202192067204 5.0909994371986
8.1 0.6235300585560604 5.8884250322766
8.11 0.8093720342702133 3.975492750027
8.12 -0.043765266124025384 7.8270631577045
8.13 -1.4199941309208586 4.3648797892096
8.14 -0.9121983043803737 3.371728854745
8.15 0.2980824124467458 2.0833641228652
8.16 1.4070209936179192 3.8044371552198
8.17 0.5286210857976291 6.3551316538712
8.18 -0.5179215824973301 4.49321582059
8.19 -0.3465010849632127 3.8138180375813
8.2 0.12088134591056467 3.3993980012492
8.21 0.588421931960119 3.7879631235592
8.22 0.32705928158006264 4.8512539643841
8.23 0.46866408170710233 3.352262481756
8.24 1.069122328865351 4.5826851810974
8.25 0.24070043490634221 6.4692906397389
8.26 -0.6307757265307131 5.0608675320707
8.27 -0.9525950375376393 5.2944450391242
8.28 -1.7218259759672956 4.9685364420636
8.29 -1.300012471042437 2.2303122199677
8.3 -0.5353258273847857 3.5269258925324
8.31 -0.16306588286319282 2.646140357722
8.32 0.34409735019913024 3.5983869434857
8.33 0.4722941334253778 3.9710532221339
8.34 -0.43565794343373393 5.9613162169487
8.35 -1.370270623401363 3.8152679163639
8.36 -0.44741416127372075 2.207459397924
8.37 0.05363441446919542 4.3474430170545
8.38 -0.5848560277102065 4.4723506505758
8.39 -1.1498284350742145 4.2170509129943
8.4 -1.251787654707238 3.0458645859126
8.41 -0.5894162884591231 2.2721835720845
8.42 -0.1494098257658765 3.2089595170619
8.43 -0.07939887624018606 3.1572097332292
8.44 -0.41480857388129494 4.1319204942063
8.45 -0.6077667181392725 2.8515764569226
8.46 -0.42221994416360725 3.2051158294299
8.47 -0.11499875743027006 2.4531411869735
8.48 0.22998270201199042 3.3083052756748
8.49 -0.013201988368838579 3.8237270884695
8.5 -0.7712016790635106 4.2377759468709
8.51 -0.8505676798989781 2.1285789417168
8.52 0.03914088542789684 1.9799023269663
8.53 0.5415034547521808 2.6929826356693
8.54 0.6884676715557856 3.0423892043972
8.55 0.5279242180376839 3.7036025168163
8.56 0.5423962578186664 3.097591423623
8.57 1.0281020505879863 3.4537694521278
8.58 0.42695831616730456 5.6682114741345
8.59 -0.805785459872355 4.8163627081576
8.6 -0.6458500983168672 3.014763504923
8.61 -0.8538009917249573 4.8562456735421
8.62 -1.2687889855460075 2.7202301784325
8.63 -0.5916438543987972 2.330035079868
8.64 -0.2407675195094549 2.7870194688271
8.65 0.13892148108035574 2.2594301039218
8.66 0.574200261962855 2.9841849847494
8.67 0.5348981312461043 3.5778798027162
8.68 0.17839325296646838 3.9390849699216
8.69 0.4962337071608085 2.7888998582066
8.7 0.3366087147678354 5.1571510577118
8.71 -0.5217371132436762 4.2008622595719
8.72 -0.3885513300676821 3.3742119164481
8.73 -0.04181539732220935 3.7819271199554
8.74 -0.7538619527883826 5.2541020872973
8.75 -1.1267710877387114 3.0535737219
8.76 -0.9910558364324177 3.8684980237009
8.77 -0.7064445989826481 2.4091771401351
8.78 -0.6882600966975405 4.1766183827941
8.79 -0.7165446286687469 2.4567618464021
8.8 -0.7727478023849431 4.1387166617981
8.81 -0.9525458396026976 2.4134915995879
8.82 -0.5148155738899161 2.8700982058117
8.83 -0.44042153034387577 2.9107599518885
8.84 -0.5126066434178679 3.0634617193677
8.85 0.20193910756470335 1.6763801985632
8.86 0.8518291968540815 3.9212378810891
8.87 -0.5117864269827047 6.0017259242923
8.88 -1.1763307770796851 3.1554216325771
8.89 -1.4713292550072823 5.0246905231079
8.9 -2.3006431715959597 3.2165240465945
8.91 -1.7800189039514565 1.7429200427382
8.92 -1.3766369508227054 2.487932207009
8.93 -1.027745760047338 1.3913548181131
8.94 -0.6034318564045962 2.2245693182167
8.95 -0.6220797065512493 2.0875893475219
8.96 -0.2188470485530644 1.5385221536802
8.97 0.23125390276263894 2.1920228646383
8.98 0.3582571144899701 2.5719965099308
8.99 0.42048634149393393 3.0026528461318
9.0 0.3109942416022042 3.7274335009112
9.01 -0.947518886107245 5.504479076505
9.02 -2.2510730550793596 3.3242223598764
9.03 -1.6367453744742761 0.98142779587979
9.04 -0.7656950976199014 1.8159340321234
9.05 -0.395426416013603 1.5761672893779
9.06 -0.12304427010679737 2.2058280712655
9.07 -0.1376620383014959 2.3846327467936
9.08 -0.31621940833503054 2.7395559795238
9.09 -0.5039796727319308 2.4241086935814
9.1 -0.46449541458903065 2.1977008361584
9.11 -0.3216061633172362 2.0668765537665
9.12 -0.2950823014751037 2.2340625762206
9.13 0.14757944396720282 1.3728847044149
9.14 0.5057959174792614 2.7654610106836
9.15 -0.39711867414053886 3.8821201656052
9.16 -0.811617388355926 1.7836651187386
9.17 -0.15514028596915652 1.5418691036877
9.18 0.42900334306574195 1.8241960831861
9.19 0.15180827042942815 3.4034023579314
9.2 -0.5099098020587447 2.632187856743
9.21 -0.22574873846815693 1.5839304551919
9.22 0.016508650173749324 2.4802664313705
9.23 -0.35311530502056715 2.4833521554748
9.24 -0.26476924721976813 1.3935164765484
9.25 0.33565264883802426 1.2602153357987
9.26 1.0015050039865114 1.4139549362438
9.27 1.2084813679974356 2.8010414651691
9.28 0.011101762722445306 4.3541418625807
9.29 -0.18859466227170468 1.013308722808
9.3 0.4989504808985349 2.4461681836838
9.31 0.23736245941104833 2.3801660672866
9.32 0.388146828161473 1.5869192998648
9.33 1.4638588800778887 0.88928155034193
9.34 1.765042392449506 3.6885318658678
9.35 0.6736154435061903 4.2140982481473
9.36 -0.007498995455941551 3.2867797781139
9.37 0.015341753605939847 2.6403310442248
9.38 -0.07174706639119244 2.931494686475
9.39 0.021392095036893117 1.8099966584242
9.4 0.7663998014447635 1.5330777309696
9.41 1.016324621075818 2.7365672915001
9.42 0.9288425709368957 2.4194603381391
9.43 1.3096106103033374 2.3190123824331
9.44 1.2110526491112388 3.6010195781595
9.45 1.4664004428262167 2.3267329926794
9.46 1.2560177341095287 5.0915656455765
9.47 0.41431039591876445 3.935953418021
9.48 0.07681251690682736 4.3766606640914
9.49 -0.4781755460773557 3.9373141434708
9.5 -0.623196164514928 3.0619326337617
9.51 -0.489242693056367 2.6484683140626
9.52 0.11937705956560098 1.644942660694
9.53 1.0323136003896638 2.1869049404068
9.54 0.7370517012381167 4.2339157341443
9.55 0.35463342991062274 2.8909073037938
9.56 0.09254405536415736 4.1270134498092
9.57 -0.16677027430723904 2.6048751351301
9.58 0.22949849970479072 2.6739264296494
9.59 0.606527946001295 2.5159754547529
9.6 0.5404471003635447 3.5323500741502
9.61 1.1852443231009302 1.7662237310792
9.62 0.9893822114675677 5.6730972111517
9.63 -0.17975530689535082 3.9201816918194
9.64 -0.3292315814970994 3.8222282376004
9.65 -0.09398897027142883 2.8329748698376
9.66 -0.0808602360781318 4.0378147184725
9.67 -0.48989394944582326 3.4021604768554
9.68 -0.4720193638553477 2.9638470498897
9.69 -0.07738569320222657 2.3692390272814
9.7 0.19136838311645563 3.0348899684455
9.71 0.5036256802671405 2.5036830769343
9.72 0.6828071953172016 3.8049613497045
9.73 -0.20984795625723948 4.7270595127643
9.74 -0.6244023276253761 2.8697705846416
9.75 -0.15464547053358144 2.7186322712592
9.76 0.4077675057833785 2.5791746774325
9.77 0.32624022496083144 4.2035251753355
9.78 -0.5140732533571091 4.0696979543286
9.79 -0.24976617876983265 2.1846127336126
9.8 0.0763399254130377 3.7892604983301
9.81 -0.2733066721544757 3.3584475956879
9.82 -0.1610398179325464 3.0799104289929
9.83 -0.33110197859557317 3.754892531914
9.84 -0.41306875296903295 2.8289080642652
9.85 -0.4224185403309672 3.4086379598728
9.86 -0.35856438060242946 2.4249628388051
9.87 0.15481319658946857 2.5703966091969
9.88 0.26326287785314034 3.3529707119702
9.89 -0.3315752700238257 4.0002570734835
9.9 -0.5712917496068286 2.5395738822204
9.91 0.14637700812588328 2.0303369952933
9.92 0.5213650152938119 3.1705453884724
9.93 0.3341885923185221 3.4179747606988
9.94 0.11685320632119209 3.5606647389386
9.95 0.1682503422432509 3.1464085502293
9.96 -0.013761507969753254 4.0838498682235
9.97 -0.33302121017828157 3.3923687806664
9.98 -0.3287040677173499 3.3750333915726
9.99 -0.2156135339823958 3.020895891853
10.0 -0.2418309050984871 3.5068561574458
10.01 -0.16837725239040555 2.8176063463041
10.02 -0.18537361469564995 3.6183764095739
10.03 -0.1221845225082259 2.6708704492513
10.04 -0.006544709025112711 3.5906794284702
10.05 -0.32445793634638975 3.384926741167
10.06 -0.16507722515406598 2.6700635364835
10.07 0.12234951719127188 3.0410021840619
10.08 0.5181481870002107 2.723816542282
10.09 0.3638842672553699 4.4666046087256
10.1 -0.1457403255570694 3.7188655713078
10.11 -0.1598647458729932 3.798737776197
10.12 -0.6841021274436451 4.4334058787506
10.13 -0.8498587773127877 2.800348233375
10.14 -0.45420300589345347 2.9445225636471
10.15 -0.001918186879341727 2.4401795480264
10.16 0.38932145989176964 3.2722988223646
10.17 0.379266435126264 3.6691502271419
10.18 -0.03211838138186119 4.4986452849335
10.19 -0.6342631161464046 4.1004176216053
10.2 -0.47960308826398573 2.9850398709149
10.21 -0.15394815643994075 3.6477408724118
10.22 -0.3532944325976018 3.9507960012137
10.23 -0.48625006527265247 3.6211820696634
10.24 -0.2617500332285241 3.4356784204092
10.25 -0.586739716840455 4.6751036281858
10.26 -1.1086792325697563 3.6795493804902
10.27 -0.768192371385577 2.932454976493
10.28 -0.609497354994185 3.8256483719455
10.29 -1.0548444754874267 3.9035890451697
10.3 -1.0839245763672007 2.8869322344824
10.31 -0.7874305672781184 3.014507438166
10.32 -0.6505693597603814 3.0156172642451
10.33 -0.7847860812753844 3.4103310727235
10.34 -0.728410328550978 2.525174405905
10.35 -0.3171448121049369 2.6811097827222
10.36 -0.31684657700182167 3.198978733903
10.37 -0.17837693219357806 2.4893425343745
10.38 0.3907554976996043 2.6578660857747
10.39 0.5370043662694735 3.7054366941127
10.4 0.4446467483456465 3.8486940391509
10.41 -0.2911021681639084 5.3037868520323
10.42 -0.42986107972395177 2.9755716598155
10.43 -0.17643267676765023 4.6791206719666
10.44 -0.5506715771770909 4.2216697576657
10.45 -0.9256551581304847 4.8516592196594
10.46 -1.5567635255712367 4.3419518500548
10.47 -1.3664299442035566 2.86039418953
10.48 -0.8158111647810328 3.2513442372936
10.49 -0.6772073516143663 3.5272532647646
10.5 -0.9214052395167834 3.986209262014
10.51 -0.5375426767951282 2.5678102284259
10.52 -0.21302245375785653 4.4716353125932
10.53 -1.1782240348237192 5.1432059325338
10.54 -1.5299896678527198 3.3925548189153
10.55 -1.3083026407122476 3.6720599409866
10.56 -0.8818927576296864 2.7838723544392
10.57 -0.6271032788550959 4.2070735047362
10.58 -1.2137974488510355 4.5604262660205
10.59 -1.5757377919406461 3.8790964700339
10.6 -1.4720629282004016 3.491158493708
10.61 -1.2757806844781792 3.5240723657525
10.62 -1.1182093069430463 3.6892916417329
10.63 -1.4549549508210995 4.6465430951535
10.64 -2.277764189143918 4.4341576186138
10.65 -2.134405438002749 2.5149454980383
10.66 -1.739356650871946 3.4838202202065
10.67 -1.816993091029316 3.0496068612764
10.68 -1.3984792084753694 2.6669080088089
10.69 -1.4546013669052633 4.0111912151184
10.7 -1.8761050266398667 3.4363593462625
10.71 -1.7602045687111811 3.1317410310276
10.72 -2.09606584627677 4.0794836888845
10.73 -2.519671788147862 2.9526228105785
10.74 -2.1764428385061385 2.2890122058544
10.75 -2.0608140868493425 2.9129780704636
10.76 -2.1792751873033898 2.3683321205371
10.77 -1.7431505253903514 1.7172676881372
10.78 -1.4804485158508343 2.5874304379494
10.79 -1.6652057685318216 2.5571178973648
10.8 -1.7079403776891289 2.3272782993471
10.81 -1.7606622913542973 2.3049287283467
10.82 -1.4543455981115632 1.3899361453338
10.83 -0.6260793573339618 1.4689884708866
10.84 -0.8237398451560135 3.5493264963374
10.85 -1.2941808448224832 2.3145530720291
10.86 -1.1418652969293381 2.5581138832688
10.87 -1.2616575706534068 2.6652297199091
10.88 -1.23743956063168 2.2259012776779
10.89 -0.9327680477223373 2.1643310705065
10.9 -0.9180528642539532 2.8562345000218
10.91 -1.167659478955607 2.7675307765722
10.92 -1.1322564106107713 2.4157067047799
10.93 -1.1877955049652826 2.8577020061048
10.94 -1.1789657363748505 2.2530182060035
10.95 -1.047594241929828 2.6449473297584
10.96 -1.1606424427211885 2.6980208976517
10.97 -1.2959661538170273 2.660607696606
10.98 -1.3697880137387934 2.3771893351252
10.99 -0.9276000491277515 1.6355398256936
11.0 -0.7543970545195915 2.936105968396
11.01 -1.1128752049249864 2.7405536968304
11.02 -1.2162043834764487 2.4952464702495
11.03 -0.8955454624319255 1.9192008770649
11.04 -0.8071789158533242 2.9674414051375
11.05 -0.9903607761987819 2.5959157771121
11.06 -1.2003479261317258 3.1208497915464
11.07 -1.5959018014601642 2.6666171949605
11.08 -1.2425399216449422 1.4594615217895
11.09 -0.636941519107224 2.1220846670599
11.1 -0.9236774286723528 3.196276221333
11.11 -1.2754517321223668 2.3855388426204
11.12 -1.2438722819983414 2.3683910939273
11.13 -1.2224393215863845 2.0792770332246
11.14 -1.0406981928611556 1.8090130869486
11.15 -0.5554741783892398 1.47916419239
11.16 -0.3644328781935315 2.538704734109
11.17 -0.7427091445028542 2.7151316991835
11.18 -0.710619900997582 1.9160201530061
11.19 -0.32819651182861687 2.1889235826745
11.2 -0.6430747042110128 3.2584904088125
11.21 -0.9456326415925891 2.1827202577881
11.22 -0.6560634007175785 2.0598996805111
11.23 -0.5632326492208084 2.3344827504624
11.24 -0.43962050120681373 1.9702970089393
11.25 -0.11029591526964533 2.0691313431311
11.26 -0.07832203984320907 2.6608504896087
11.27 0.1752554360879909 2.0693585941967
11.28 0.10381212375121367 3.6678042792974
11.29 -0.3614948045831904 3.0723220338777
11.3 -0.20538261270228758 2.8149496445376
11.31 -0.3589599909027578 3.7227384788586
11.32 -0.6877838299730485 3.2426287444094
11.33 -0.9879043994129332 3.5333280816866
11.34 -0.9341418257296622 2.293527140998
11.35 -0.6028711907246626 2.7958956992989
11.36 -0.616312271907353 2.7755699406185
11.37 -0.4463888339567461 2.5319120215617
11.38 -0.275476698069598 2.9116726264488
11.39 -0.4121943869672623 3.2667987121525
11.4 -0.46046957486809653 2.9700738455368
11.41 -0.6559433770329536 3.5957194179043
11.42 -1.0530949217445602 3.1034482196565
11.43 -0.6079975250836722 1.8345779981334
11.44 -0.09657715270649982 2.8927252891433
11.45 -0.20572160539384268 3.1441321179075
11.46 -0.2654631301262775 3.122633581361
11.47 -0.1736934238342633 3.1315392675536
11.48 -0.5140610760826744 3.9909464333641
11.49 -0.6574677065817869 2.7345099665395
11.5 -0.22419156126241088 2.9034022098648
11.51 -0.0559696662528722 3.3205269647968
11.52 -0.35178771379115464 3.9611693179758
11.53 -0.3724696070455903 2.9960919158983
11.54 -0.18175781239710484 3.6737739005604
11.55 -0.12978842872812693 3.445372648879
11.56 -0.2302636084149479 4.2482454798825
11.57 -0.3802826800779667 3.7885655108038
11.58 -0.25532803986120156 4.0856288786056
11.59 -0.5039342430968982 4.8102689402973
11.6 -1.3237191229841705 5.2114916321637
11.61 -1.4331720077926704 3.3788843793371
11.62 -1.2820559882851101 4.3926890256885
11.63 -1.5445796721228735 3.7826458256758
11.64 -1.5155479056013643 3.6153666112463
11.65 -1.4507863882088328 3.3496011389255
11.66 -1.2732552619724953 3.1151971092179
11.67 -0.9042144792030251 2.8792546937257
11.68 -0.6372089826134621 3.3893067673625
11.69 -0.4688721832623895 3.4155719406995
11.7 -0.5294969862678031 4.2989694034591
11.71 -1.196312813779772 4.7257843468259
11.72 -1.2750297190065496 3.2217772123374
11.73 -1.0049386304464913 3.8852663684512
11.74 -0.9522650268354317 3.5081409727695
11.75 -0.7924833601065493 3.8424369473878
11.76 -1.0752185263103942 4.314316289759
11.77 -0.9050194016334592 3.06140957005
11.78 -0.49534550783502135 3.9603883492415
11.79 -0.4328380648174969 3.9491965992433
11.8 -0.183426141128054 4.2417559796536
11.81 -0.457375709231892 5.5028213565916
11.82 -0.8912483580617944 5.0874872408237
11.83 -1.0121708273274923 5.3705960838168
11.84 -1.4498646723301374 5.8881909988249
11.85 -1.9991314946380592 5.6490689049432
11.86 -2.3923862860836427 5.3563231292527
11.87 -2.2808249127474407 4.4085644581111
11.88 -2.314133259139309 5.3194678063443
11.89 -2.505875092438319 4.5187031650517
11.9 -2.6388239879380273 4.9846713636292
11.91 -2.4054647912855547 3.7256526308148
11.92 -2.6536646994285014 5.6862819390416
11.93 -3.0658296692941156 3.7089772351007
11.94 -2.377958302818659 3.5229083101255
11.95 -2.308791055503477 4.6839814809193
11.96 -2.558221081929464 4.2525838632234
11.97 -2.6245663966949238 4.4311237936598
11.98 -2.7652115134016415 4.2546596091528
11.99 -2.588001702261363 3.8088678081071
12.0 -2.639289320973467 4.6104141931311
12.01 -2.7012153793047475 3.8777568446742
12.02 -2.7656211781287965 4.6455772503462
12.03 -3.1617684762527496 4.2663432172871
12.04 -2.7914304495192415 3.1360484640808
12.05 -2.5449686749720617 4.4347895320919
12.06 -3.056809915215824 4.4586595359673
12.07 -2.9194583120770963 3.2340265755966
12.08 -2.5609095294852415 3.9338338320424
12.09 -2.367949016374254 3.6982050361922
12.1 -2.3879664511325016 4.7487247461436
12.11 -2.8628923961306625 4.8362199896885
12.12 -3.0971784831359312 4.4491375267126
12.13 -3.1147363828453734 4.357862779497
12.14 -2.9924552870813663 4.1983409737137
12.15 -3.1917930956205405 4.9787525134893
12.16 -3.2974600257878075 4.1164246979618
12.17 -3.0237911009563727 4.5459338345499
12.18 -3.5361726956484865 5.7358162159629
12.19 -3.9994017022979267 4.6659298673459
12.2 -4.383546000002427 5.442703402579
12.21 -4.844975118510713 4.2943981092649
12.22 -4.58689350698449 3.6414781680865
12.23 -4.473893188027078 4.0678282955645
12.24 -4.451987530483886 3.5832581896407
12.25 -4.336203581130643 3.8464796854565
12.26 -4.635209599542869 4.1898423053907
12.27 -4.655293555649083 3.2055978646099
12.28 -4.642442095779696 3.8271997757647
12.29 -4.295406798775299 2.5032054948483
12.3 -4.1379191164614095 4.2977375511067
12.31 -4.571062709023829 3.7297851475869
12.32 -4.54048222446388 3.6670914461819
12.33 -4.528798191492578 3.9010067874457
12.34 -5.013787425778702 4.682035312013
12.35 -5.336724416957482 3.6513814010839
12.36 -5.431348316321458 4.172006638277
12.37 -5.556435863003495 3.7028984662673
12.38 -6.057562000993709 4.9467263960626
12.39 -7.227779884252965 4.6728585780569
12.4 -8.640275230838887 4.1815720304277
