energy epsilon1 epsilon2
0.1 2.076248637005371 6.6299496524043e-11
0.11 2.076370637938954 5.234579231845301e-10
0.12 2.076504341255578 3.0030686617761e-11
0.13 2.0766497702322355 6.608014410003001e-11
0.14 2.0768069502827564 5.847020013351399e-12
0.15 2.0769759106214343 1.1872344588025e-09
0.16 2.077156661774313 3.3116088786599e-08
0.17 2.0773492514679064 2.3568176719974e-09
0.18 2.077553728296487 1.429284994264e-09
0.19 2.0777701120299112 2.5382778553840002e-11
0.2 2.077998445162729 9.673356893438e-10
0.21 2.0782387579465045 2.2538934016954e-08
0.22 2.078491113416793 9.5549342872738e-10
0.23 2.0787555630781 4.5672024813334e-08
0.24 2.0790320163892577 2.6361560029319e-07
0.25 2.079320639011211 6.9213228214483e-08
0.26 2.0796216183013705 2.5334852580615e-09
0.27 2.0799349224227845 9.683342734729802e-10
0.28 2.0802604164532195 3.1623105134094e-07
0.29 2.0805982883514464 7.6457153782704e-08
0.3 2.0809488004512713 7.680909863406101e-10
0.31 2.0813119052430458 1.1357077354599001e-10
0.32 2.0816877582675644 9.6054396658083e-12
0.33 2.082076641191688 3.1760484543645e-07
0.34 2.0824760255168515 4.7391692810265e-06
0.35 2.0828885375374884 4.9767661045581e-08
0.36 2.083315589688023 1.2171838165924e-06
0.37 2.0837551194262622 9.1556468219092e-08
0.38 2.0842081649416686 2.691042650789e-08
0.39 2.084674253396042 1.3620367824913002e-10
0.4 2.085153562837413 8.1887331178113e-09
0.41 2.0856462274462997 4.6981094999342e-10
0.42 2.0861523985226516 4.2048823562618e-09
0.43 2.08667200021741 3.3495535643348e-07
0.44 2.087205284791723 6.1445806552862e-08
0.45 2.0877525740723417 4.3354703086179003e-10
0.46 2.088313787725511 1.2749359424665e-07
0.47 2.088888855732533 4.3143479572731e-07
0.48 2.089478192236282 6.0505110057659e-10
0.49 2.090082067781749 1.9565340363539e-14
0.5 2.0907003889208373 6.806473421683399e-12
0.51 2.0913333428870984 6.330533464594801e-10
0.52 2.091981094972402 2.0341312103327e-11
0.53 2.0926438116912744 2.8574492109314e-13
0.54 2.093321664018563 4.5759499393639e-13
0.55 2.094014829702528 1.3214572488496e-11
0.56 2.094723493421512 2.4505359023334e-10
0.57 2.0954478466749005 1.4841723722115e-09
0.58 2.096188089679027 1.1602558274313e-09
0.59 2.0969444319585437 2.1361437035084e-11
0.6 2.097717090470206 6.6834465767364e-13
0.61 2.0985062911267196 2.3905710626929e-10
0.62 2.0993122697111053 1.3231927709174e-09
0.63 2.1001352736846988 3.1515143510897e-10
0.64 2.1009755605256766 1.9400149000293e-09
0.65 2.101833401494367 1.768598221033e-10
0.66 2.102709070722283 1.7103149337576e-08
0.67 2.1036028695483817 6.7947648414348e-09
0.68 2.104515127601639 4.999127687837e-10
0.69 2.105446196426702 1.1969466549487e-11
0.7 2.1063965813199603 1.4869003861682e-08
0.71 2.107365346424916 2.2351662077736e-06
0.72 2.108353895548979 1.3063135525387e-07
0.73 2.1093635583662116 2.8418723969103e-07
0.74 2.1103936128162557 4.7707708863672e-08
0.75 2.111444740231401 4.9851479052388e-09
0.76 2.112517293008214 8.2442487580711e-10
0.77 2.1136117537778008 3.5827909030432997e-12
0.78 2.114728631174149 1.1531036292464e-10
0.79 2.1158684567789545 8.389742209787801e-11
0.8 2.117031786864136 1.0986273750205e-08
0.81 2.1182191949078204 4.5024068972359e-08
0.82 2.1194313334511383 1.8814613913802e-08
0.83 2.120668869086935 6.3389385325057e-08
0.84 2.121932551500971 8.6438421031359e-09
0.85 2.123223238121361 1.2842075829526e-09
0.86 2.1245419091670716 3.2305459983266e-09
0.87 2.1258898962798214 3.0766931001521e-07
0.88 2.1272661524526275 4.9720618773568e-06
0.89 2.128674717939074 2.9168146817672e-06
0.9 2.13011416929621 1.7219334177517e-05
0.91 2.1315648852375015 4.8074869397646e-05
0.92 2.1330571450565827 2.9649603428776e-06
0.93 2.1346084003403205 3.6928463418508e-07
0.94 2.1362022941079513 4.0803743277364e-07
0.95 2.137820280114254 5.9687939652665e-05
0.96 2.139414462316978 0.00013981625531799
0.97 2.1410833266619065 6.3912136394862e-06
0.98 2.142877116103086 6.1911998440408e-07
0.99 2.144788102458663 5.4450172838762e-06
1.0 2.146382968210715 0.00079339038139686
1.01 2.1479327868222966 0.00020899608676189
1.02 2.149926459987719 3.9670903943315e-06
1.03 2.1518963465476064 0.00018932214859708
1.04 2.153877733953921 5.8848795771821e-06
1.05 2.1559977008573368 3.466734780573e-07
1.06 2.1581291484486447 5.5461523172285e-05
1.07 2.1603192688816173 3.8830890918127e-06
1.08 2.162585086518552 3.9856203192656e-05
1.09 2.1649176999092323 1.8016871709067e-05
1.1 2.16736318450073 1.8157586090113e-05
1.11 2.169854799611319 0.0001762746618741
1.12 2.1722412168673015 0.00042611953893104
1.13 2.1747872065595337 4.5702983935149e-05
1.14 2.177616760597958 2.3319923896343e-05
1.15 2.18051979431671 4.379472988033e-05
1.16 2.1835491426799973 1.9928274439951e-05
1.17 2.186766362509768 6.1638404086643e-06
1.18 2.1902434424705373 1.457849933107e-07
1.19 2.194229735037589 1.4223697021666e-05
1.2 2.198360625360898 0.0016115949855823
1.21 2.20001728430709 0.0062867006028948
1.22 2.201448109534033 0.00285884436761
1.23 2.2055161972473005 0.0011341754748446
1.24 2.2109263317690635 0.00010018208453132
1.25 2.2148154563193323 0.0042109973568354
1.26 2.218729071497532 0.00079657840062883
1.27 2.2246693965616813 0.0016241535917291
1.28 2.2296817289851942 0.0039036917604822
1.29 2.233039886158554 0.005974288893796
1.3 2.237870725396553 0.0016630450698981
1.31 2.2457023713710305 0.0005103318139523
1.32 2.2545923401374726 0.00086437730444984
1.33 2.2623938716772223 0.0050299177386076
1.34 2.2717330883019713 0.0017981417816306
1.35 2.2882110524209267 0.00012756557896896
1.36 2.3035566917779775 0.0184825581628
1.37 2.3292595875934303 0.018673924316187
1.38 2.2864844954001553 0.16940488289513
1.39 2.2420029510541446 0.024112649076226
1.4 2.2728737522775813 0.010866291926509
1.41 2.2971223322760697 0.0049620731239132
1.42 2.320935174464603 0.0049736272348091
1.43 2.34968127483428 0.0039075780059922
1.44 2.3705483763066577 0.035407382063708
1.45 2.4104108787098277 0.0081199886190152
1.46 2.4104068956194844 0.14732543554406
1.47 2.4272747902975254 0.031116577089877
1.48 2.5145613285379214 0.13115443124396
1.49 2.330921512474831 0.57733681700201
1.5 2.205620807934914 0.014648233004667
1.51 2.356646978379218 0.007558201515991
1.52 2.401091357932311 0.12871975970932
1.53 2.4492842249114406 0.014967797371424
1.54 2.618496539563417 0.017168412133765
1.55 2.5278297852162828 0.58250559848908
1.56 2.4666310004636385 0.054380428069638
1.57 2.8311606693015756 0.03515840174537
1.58 2.5736237526210903 1.3574280896909
1.59 2.3322461302400748 0.22221598451557
1.6 2.655591051487168 0.61516183183648
1.61 2.0954149164247804 1.9135737114213
1.62 1.482302718834083 0.63086233009321
1.63 1.7332666351717414 0.0036887258090146
1.64 2.0073103211738337 0.21460341696552
1.65 1.9993373284438873 0.39571900200789
1.66 2.032589147245378 0.15705309571237
1.67 2.0663365128042024 0.38817968599411
1.68 2.2518066564400203 0.026883590712413
1.69 1.9718668047038654 1.3355402070571
1.7 1.5468463166971222 0.22446315431803
1.71 1.7423304737938812 8.2691775638853e-05
1.72 1.9031397876666052 6.1474760200052e-05
1.73 2.0272997059253397 3.7619495203813e-05
1.74 2.13198086952906 0.11420620988774
1.75 2.0255230617091713 0.47896996148168
1.76 1.8540202988277448 0.25271055399385
1.77 1.9226072365283848 0.0025238666578743
1.78 1.9280388419333063 0.27002255849763
1.79 1.8814654565686593 0.023151268650198
1.8 1.9488069802311911 0.0018052831936512
1.81 1.9924685009889471 1.5805132145075e-05
1.82 2.0258635127443236 0.00013034885088533
1.83 2.0454406053614336 0.018336528428075
1.84 2.0634914113919987 0.00095977279035197
1.85 2.0949465467533925 0.0001932086256082
1.86 2.11725609658955 0.036594290578374
1.87 2.0913970812065505 0.10017914400948
1.88 2.0841156601280213 0.00045360567648179
1.89 2.1248199893452906 5.2236926662356e-06
1.9 2.168157233789631 0.0015258844483675
1.91 2.1581764373132737 0.11718442841307
1.92 2.152695720031033 0.013116447905057
1.93 2.2436821176974173 0.00059136247230754
1.94 2.1739401972640766 0.35316510980579
1.95 2.0617202541763757 0.10697501571207
1.96 2.067399085383419 0.1074226530316
1.97 2.092021441189132 0.0019779067018685
1.98 2.127604979975018 0.048095354987298
1.99 2.15586844213878 0.00075141533628168
2.0 2.205230721444452 0.036094125651023
2.01 2.181128631844182 0.16361266708404
2.02 2.154220144094041 0.067838751108652
2.03 2.183467614053673 0.079273110259731
2.04 2.1991478948245273 0.12221643856909
2.05 2.106268148919915 0.28562528223163
2.06 2.0637271467293465 0.0019961227749568
2.07 2.155403130392538 0.0017862765750374
2.08 2.1621516919392074 0.12001751914729
2.09 2.1721958818465605 0.0079174173078519
2.1 2.28135256586173 0.020146168301323
2.11 2.130175626150039 0.52448674672984
2.12 1.9763209510136435 0.016266288504551
2.13 2.0681030151020536 0.00017888409287933
2.14 2.110417024489267 7.2816026634958e-08
2.15 2.136545901776489 2.4263010165965e-05
2.16 2.156582055226332 7.3383864916345e-05
2.17 2.173967266719704 0.0002988825579781
2.18 2.190370726253901 0.00058467003209889
2.19 2.2070807787158686 0.00074786729794977
2.2 2.2261289051619584 1.2087495669476e-06
2.21 2.2503041118236635 1.5638540688758e-05
2.22 2.2866695073202616 1.1698044361186e-05
2.23 2.3553531395128453 0.013636096420423
2.24 2.2830315188843673 0.32012337972233
2.25 2.2560305670118708 0.007656812417212
2.26 2.207251285837516 0.37309583093191
2.27 2.123903411570392 0.021311653008515
2.28 2.221220348390222 9.6588538811808e-07
2.29 2.3224303673877 0.00013075515961084
2.3 2.3454711318865415 0.22012260216738
2.31 2.372815793094517 0.17112488367361
2.32 2.0933567127131396 0.8575158813161
2.33 1.8696332330928898 0.0053574775119291
2.34 2.0305905095055437 0.00015593320272986
2.35 2.0974559150295415 1.6055885255146e-06
2.36 2.142679773825219 2.1724525830169e-05
2.37 2.183747899033623 0.013234835608427
2.38 2.176135914451763 0.10640621171304
2.39 2.1365907754161935 0.073605722435038
2.4 2.1445268324151465 0.00011452474281946
2.41 2.174836502016517 1.0960683642828e-05
2.42 2.1939548954988406 1.1256278590532e-07
2.43 2.209968118660779 2.3596572694073e-05
2.44 2.2252711021953195 5.5638070271582e-06
2.45 2.2414182893428434 2.3504323646039e-05
2.46 2.2604079290730037 6.9283893535554e-06
2.47 2.286760469400088 1.476259696359e-07
2.48 2.339279961491596 0.00017314213738445
2.49 2.305532975640525 0.20736598805878
2.5 2.2409671541253715 0.083319335888653
2.51 2.298360781909751 0.0005583306028345
2.52 2.4361118871684804 0.034131728088041
2.53 2.2050318290645525 0.74335257100799
2.54 1.9841910741945639 0.0054794922468355
2.55 2.1125267847806652 2.5389612278547e-05
2.56 2.162131441109837 0.0016636867218363
2.57 2.1909275524582434 4.9428859598934e-05
2.58 2.2126058861841162 0.00019386178342755
2.59 2.2310430083262105 0.00016320296937397
2.6 2.2494785603027214 0.00014986061130762
2.61 2.2713426351473096 0.00078155480940277
2.62 2.308077373876336 5.0502958310119e-05
2.63 2.352998545900746 0.061206956615782
2.64 2.2271513909847274 0.35652358255291
2.65 2.129729292196768 0.0018609514463864
2.66 2.1952974180977582 0.00082360881076343
2.67 2.222814685979933 2.6614243032811e-05
2.68 2.2373762175054526 0.0065554505594498
2.69 2.248258034389833 0.00056704499585645
2.7 2.2561877360245686 0.0086563000088119
2.71 2.261074041571164 0.0029017389847607
2.72 2.268931015975204 0.00054652706208246
2.73 2.275604282297754 0.0020028881212261
2.74 2.281518965434734 3.853921681141e-06
2.75 2.287807100063532 1.0031518516462e-09
2.76 2.2935229475577557 7.9472550836927e-08
2.77 2.298928749443023 2.8851081421687e-08
2.78 2.3041086057570235 2.4086596574703e-05
2.79 2.3090986567319525 4.8534269867724e-05
2.8 2.3139691980359665 3.7755701190382e-08
2.81 2.318756297055192 1.8188171559781e-11
2.82 2.323460530566372 1.60210149678e-07
2.83 2.3280501325246106 9.1216382055565e-05
2.84 2.332569158893479 2.273042544344e-05
2.85 2.3370828835251523 2.0491469763843e-09
2.86 2.341558726007913 1.6771058446108002e-10
2.87 2.3460001550025344 1.1010691777245001e-11
2.88 2.350421379844888 1.2512182106168e-08
2.89 2.354834638549358 6.5400725140603e-06
2.9 2.3592762629194874 1.1515837017415e-06
2.91 2.363888681447312 6.2803059930259e-06
2.92 2.3677042221540376 0.0016887280855709
2.93 2.37145792163037 0.00015295411696917
2.94 2.376063480791853 7.2675388294595e-06
2.95 2.3803185566287084 0.00051305904160549
2.96 2.3845080302326256 2.2370177006961e-05
2.97 2.3889252277602835 4.9088920649412e-10
2.98 2.393297858181537 1.3074886274941e-08
2.99 2.397663815457808 1.1870193874485e-07
3.0 2.402043290142874 1.6660525881681e-09
3.01 2.4064541012035763 1.0642240419615e-07
3.02 2.4109229308017057 3.941745804793e-06
3.03 2.415524159069097 1.1183236281133e-06
3.04 2.4205787209457266 2.052631341774e-06
3.05 2.4242927772116354 0.0034327464375134
3.06 2.4268730660156153 0.0025163702987004
3.07 2.431152123870641 0.00013008730336789
3.08 2.436413216437643 0.00032757301881367
3.09 2.440111737152454 0.0026919004041988
3.1 2.4438668015771454 1.3430497458844e-05
3.11 2.4488492615251705 1.5333445945469e-06
3.12 2.453516201099616 5.8087239755341e-05
3.13 2.458105594298676 2.7918016443556e-05
3.14 2.4626968173497 2.4930661878324e-05
3.15 2.4673031003486376 3.1633953450247e-06
3.16 2.471953001163842 2.159624407371e-06
3.17 2.476523645799287 0.00021361121825093
3.18 2.4811211553401447 2.5476357203691e-05
3.19 2.485812085950795 0.00011664143258734
3.2 2.4904106869315523 0.00022730929751542
3.21 2.4950829289738623 6.1692632154832e-06
3.22 2.499877646365629 4.8158371269963e-06
3.23 2.5046836010102336 1.5136218855803e-09
3.24 2.509537840785246 2.4044364667535e-07
3.25 2.5143399372487045 0.00018775516256223
3.26 2.5191579933269312 5.0333597843536e-05
3.27 2.5241190311735657 5.5691026194856e-06
3.28 2.529054608199785 0.00015898020846366
3.29 2.534051590772764 2.3291097967981e-06
3.3 2.5390778572852555 0.00022648911188383
3.31 2.544036209636184 0.00020755608642487
3.32 2.5491445355598406 1.2788777141011e-05
3.33 2.554390396143979 9.692042969661801e-10
3.34 2.5597084143134095 1.725437122604e-08
3.35 2.565205013401335 3.6688390124092e-05
3.36 2.5703773536913377 0.0011124827129834
3.37 2.574888543209271 0.0015266664933193
3.38 2.5799780176604017 5.3819870401375e-06
3.39 2.5857327281462794 4.872392945196e-08
3.4 2.5913580773987888 1.4012840192189e-06
3.41 2.5969825110831017 2.0566276433918e-05
3.42 2.6026504896996574 1.4593749183079e-06
3.43 2.608387674273343 6.2829679323515e-07
3.44 2.614198305784738 2.3355984901299e-08
3.45 2.6201195473523327 3.1032348937271e-06
3.46 2.6259388853255405 0.00038288837356503
3.47 2.6318257092567747 3.9162467518814e-05
3.48 2.6379811548679557 9.444677851094e-06
3.49 2.644214214628749 1.8390442134984e-07
3.5 2.65054779680741 1.4834674506821e-06
3.51 2.657003358157511 1.6603034096551e-07
3.52 2.6636178621170523 1.7415440349075e-07
3.53 2.6704321684344325 6.0501010713694e-05
3.54 2.6774336747103353 0.00036814730507659
3.55 2.683834072509991 0.0018166171832784
3.56 2.6906211436936434 0.00029056469492257
3.57 2.6977626435058113 0.0014954309800862
3.58 2.7051017487993905 8.6240142841564e-05
3.59 2.7135340312368044 1.3329690136905e-07
3.6 2.7224408242996803 0.00046915492857228
3.61 2.729750376349161 0.0043462525246742
3.62 2.7381694023478076 1.3643706769115e-05
3.63 2.7508497086960673 0.00019114855912725
3.64 2.7562484645878382 0.016176301087418
3.65 2.7627782688450786 0.00046017399509366
3.66 2.7792859356089124 0.00016335082018166
3.67 2.7995121580142124 0.00010624012890364
3.68 2.83731975569981 0.00026796844459866
3.69 2.823992010744472 0.1355407278723
3.7 2.752881627236279 0.12384036179133
3.71 2.7472051541831615 0.0033330535016137
3.72 2.7790072055938264 0.016647489631439
3.73 2.796323250388206 0.00058962149785064
3.74 2.817779759617225 0.00011580864252324
3.75 2.8374507078431805 0.00047592152604697
3.76 2.859508129298618 0.00055667515489194
3.77 2.8767656754608466 0.017562261535784
3.78 2.9030892485300015 0.0014471663724387
3.79 2.932224484568931 0.042778017633534
3.8 2.9271837235691898 0.093571288016802
3.81 2.9794899286237198 0.0043882730383819
3.82 2.942271237834972 0.31480362251253
3.83 2.8146508826257066 0.1778444836309
3.84 2.84003007223597 6.7059679829649e-05
3.85 2.9291599263010006 0.0026030068959586
3.86 2.9608065547564535 0.08515095284939
3.87 3.0108650867156332 0.0035936385187407
3.88 3.066871207222546 0.12982311282354
3.89 3.2028688244907277 0.023605948439352
3.9 3.085419776693 0.77725467180487
3.91 2.8290691731851414 0.4082775944071
3.92 2.715632308122254 0.50346328212156
3.93 2.67349607548165 0.12213409894233
3.94 2.744607954034799 0.14554473381193
3.95 2.816902560959945 0.0023044498977636
3.96 2.982870999883165 0.00053217855567388
3.97 2.960484755027371 0.44093128715813
3.98 2.7083727345570154 0.4629250550842
3.99 2.659795955785332 0.0069323460245655
4.0 2.7820052822450188 0.0040209352456125
4.01 2.8476702123177624 1.821035940985e-06
4.02 2.901563148852676 6.4027420640369e-09
4.03 2.9589347487620037 8.7640976135188e-06
4.04 3.014182641801575 0.037783886477754
4.05 3.0867162423991443 0.056412721936821
4.06 3.072349295858936 0.31336802345187
4.07 2.9358645389518947 0.35721857167256
4.08 2.860944015324891 0.19353165098175
4.09 2.9506740059525085 0.001760422266483
4.1 3.124806422774953 0.079063042215371
4.11 3.0203057994999445 0.59875585336633
4.12 2.970045983925784 0.15036967232628
4.13 2.745502069079142 0.93481403118964
4.14 2.522805626633945 0.004028460996009
4.15 2.711488530768463 5.8237721274754e-09
4.16 2.79084322659401 5.8634641669032e-11
4.17 2.8390397291980998 1.9052097620871002e-10
4.18 2.8737719498215455 1.0766699993227e-12
4.19 2.901304169538805 2.7631354990062e-13
4.2 2.924482144650955 3.2950893020573e-12
4.21 2.9448070351654807 4.9438675832316994e-12
4.22 2.9631548985024687 7.646309610189e-13
4.23 2.9800758964356207 4.231626749683599e-12
4.24 2.995935392954795 2.3238963171904e-09
4.25 3.0109869906389717 7.639270113193301e-10
4.26 3.0254131551651824 1.2692641522890998e-13
4.27 3.0393491496032605 6.2341232164114006e-15
4.28 3.052897823320984 2.4158182846113996e-12
4.29 3.066139102752767 1.1320511513053e-08
4.3 3.079136306861679 1.7795882065378e-08
4.31 3.091940478849577 9.3855630210166e-12
4.32 3.1045933782013235 9.6394499109109e-13
4.33 3.1171296471518235 9.981778790526801e-11
4.34 3.1295784137533826 2.3106011617786e-09
4.35 3.141964459453716 1.7768367875491001e-10
4.36 3.154309105997331 5.0217784639065e-11
4.37 3.166630893522152 8.1468877708978e-11
4.38 3.178946112505026 8.669300682219999e-13
4.39 3.1912692172969934 4.589091294321001e-16
4.4 3.2036131568066093 1.6060809593518002e-10
4.41 3.2159896237998344 2.1874410796465e-08
4.42 3.2284093065302275 1.0003145087319e-09
4.43 3.2408820430761343 1.7697382179942e-13
4.44 3.253416943164581 1.2187515406642e-14
4.45 3.2660225466014707 4.4927738068018e-11
4.46 3.278706910751381 2.2642345028489e-09
4.47 3.2914776972556257 7.2967903286066e-09
4.48 3.3043422579123516 1.9266537097198002e-10
4.49 3.317307691016152 1.7157244057442001e-15
4.5 3.330380895704967 3.9479840083818e-18
4.51 3.343568635024017 1.6674570676044e-13
4.52 3.3568775787059626 2.3625605802411996e-12
4.53 3.370314347497401 1.1229479901841e-14
4.54 3.3838855547025486 1.7905428078251e-20
4.55 3.397597845977386 1.2366158801435e-25
4.56 3.4114579382384487 6.5370856565198e-18
4.57 3.425472658463604 1.1592636790129998e-13
4.58 3.4396489831721135 6.9190182607054e-13
4.59 3.4539940793903026 1.8378056962896e-14
4.6 3.4685153479679753 5.0476792346363e-17
4.61 3.483220470219483 1.5659875269578e-14
4.62 3.4981174590210147 1.1056196749211e-14
4.63 3.51321471577373 3.5096865285029e-15
4.64 3.528521095183789 4.3240012880026e-10
4.65 3.5440459664676194 1.7885844070058e-08
4.66 3.5597993288147327 2.4834201553657e-10
4.67 3.575791892501219 3.4584808645812e-15
4.68 3.5920351796842196 2.478352002107e-17
4.69 3.6085416983137897 2.4256200664686e-15
4.7 3.625325104937847 4.8285567818948e-13
4.71 3.6424004222805673 3.2244823341736e-14
4.72 3.6597843111560655 7.223550629970899e-19
4.73 3.6774954161734716 5.4286205186062e-27
4.74 3.6955548124258324 5.9593185384845e-22
4.75 3.7139865927791367 1.1629029391236e-14
4.76 3.7328186549569553 7.6126932556987e-11
4.77 3.752083779588256 1.6717878773942002e-10
4.78 3.771821143701609 1.2316105854843998e-13
4.79 3.7920785063555735 3.2184410160007995e-12
4.8 3.8129154662333096 8.5209693621315e-09
4.81 3.8344085434929056 7.567986907414e-09
4.82 3.8566594649123958 2.2548602953253e-12
4.83 3.8798095339950707 5.9022562407798e-17
4.84 3.9040667674776226 1.4775973431665e-11
4.85 3.929763292575628 1.2466852737083e-09
4.86 3.9575006243579076 3.5452485345476e-11
4.87 3.9886753415385745 1.7045943881449e-07
4.88 4.02500924807368 0.0030304203574224
4.89 4.0648282717326545 0.018285075846563
4.9 4.093149232575592 0.061895301472478
4.91 4.083236770081291 0.11751946861284
4.92 4.087923620651823 0.04520297988198
4.93 4.16191492967194 1.6471296312991e-05
4.94 4.314816696762721 0.0060056026098163
4.95 4.141580850851347 0.6775210632763
4.96 3.957057246060531 0.034863384638636
4.97 4.100924398614507 0.0086381893414779
4.98 4.152807228846138 0.082828164811764
4.99 4.189144343798393 0.0053740915240106
5.0 4.266173872387716 5.594487728719e-05
5.01 4.336338795334379 0.029831738661335
5.02 4.4006953263540005 0.068104590110607
5.03 4.418069203982502 0.19654303005553
5.04 4.352476498389976 0.26781087051668
5.05 4.353121208612501 0.084925399229562
5.06 4.4073348536491865 0.13975023600991
5.07 4.443464796825484 0.079827350407693
5.08 4.55522399636275 0.011128772752729
5.09 4.6719993321326285 0.13681256379145
5.1 4.683854303101047 0.3162972027447
5.11 4.769988300580741 0.2224349867288
5.12 4.472001822534458 1.1010882455311
5.13 4.245573025772172 0.017040994150405
5.14 4.529084920946667 0.0098646284315478
5.15 4.714502081395587 0.058398297446374
5.16 4.823697282190789 0.24990510641982
5.17 4.69932445974347 0.57843063490513
5.18 4.749537778880524 0.047529677392154
5.19 4.674264725653192 0.80290873046647
5.2 4.5209959232594725 0.081234852029857
5.21 4.740295343497853 0.0012222696337398
5.22 4.936418289368037 1.2685938300463e-05
5.23 5.153861873365688 0.058864626578576
5.24 5.125478897364369 0.59740918188483
5.25 5.116764620111595 0.21407986949797
5.26 5.038235054630316 0.7954679083965
5.27 5.047428305365529 0.067603133265099
5.28 5.221396978789858 0.54373805855122
5.29 5.039368923265671 0.66917758340696
5.3 5.098443283615548 0.065351614428191
5.31 5.51596647371693 0.048242183970246
5.32 5.455673839622649 1.0080108423446
5.33 5.333974479022007 0.28827490530668
5.34 5.637260841091283 0.36741874902422
5.35 5.776458363551124 0.76899884510553
5.36 5.525780990940315 1.3023320396816
5.37 5.4883791540668865 0.58225257487252
5.38 5.41377008059579 1.3773109120534
5.39 5.348836603228217 0.49469069646116
5.4 5.768365637720245 0.63639299371149
5.41 5.281479890069772 2.0872922904848
5.42 5.004020654918652 0.092011702963041
5.43 5.662708842168683 0.1113157529092
5.44 6.362161487938825 0.10484671697717
5.45 5.862961349044027 2.5777776271182
5.46 5.392927889952491 0.16492491301183
5.47 6.172995904890712 0.30546397750697
5.48 6.492466473479748 1.0720711732345
5.49 6.230348207873706 1.7755934696713
5.5 5.901666287973579 1.4203133645166
5.51 6.049888253432808 0.88479142241905
5.52 6.635448217828835 0.75001440971398
5.53 6.727969495073146 2.229276722727
5.54 5.874819953063406 2.7943329594906
5.55 5.748334166625356 0.98360696954417
5.56 5.9398803823570425 1.8802297139148
5.57 6.058070446994166 0.79034932013018
5.58 6.546209431602772 1.130948822866
5.59 7.089084292540118 0.89240571244408
5.6 7.4036489244969355 2.15482621515
5.61 7.380242316358937 2.3914817452031
5.62 6.913990935315938 3.7865523038299
5.63 5.964647577290378 3.4950935457829
5.64 6.116217748044058 1.6552047583003
5.65 6.817919553551984 2.3233485537973
5.66 7.100851337236101 2.7233316666737
5.67 7.2263938459022405 3.5019565786197
5.68 6.952857857455227 4.5787426367751
5.69 5.774253727105024 6.0663444526872
5.7 3.6649139507970094 6.0123492761704
5.71 3.302818260030034 1.5577006181876
5.72 4.884273496384469 1.0104936490292
5.73 5.2515139292719635 2.7874298727323
5.74 5.365842198010014 1.3295064278491
5.75 6.081004221222024 1.8390408274575
5.76 6.091151142164375 2.7356540735449
5.77 6.1510287952033265 2.1083158444188
5.78 6.075129381576215 3.0830344478962
5.79 6.2083881414637 1.6469619597003
5.8 7.454126631291514 1.4073847541327
5.81 8.471822911919007 3.3226678705623
5.82 7.060242351754688 7.3608642021603
5.83 5.497293370570963 4.6558542708148
5.84 5.253405333325674 5.0404670551085
5.85 4.657991733538235 4.5534652275733
5.86 4.836936394989334 3.0812492538191
5.87 4.936032086714183 4.0797677270613
5.88 4.745494879408362 3.0028239693981
5.89 5.4138645846607085 2.1079593367707
5.9 6.327914598795481 2.4701177225235
5.91 7.022743325087829 3.2560598623263
5.92 6.684477363455043 5.5435730114656
5.93 5.4174642774865465 5.7650479259676
5.94 5.065535671996913 4.1158610537373
5.95 5.647786597790711 4.1607195924807
5.96 4.805731028926868 6.6713907521663
5.97 4.066250707982342 3.9372130984105
5.98 4.111416180516814 4.7956496214514
5.99 3.6504829210794103 3.9093467924776
6.0 4.09928164353446 2.3462650281122
6.01 5.186443681662814 2.2752768049785
6.02 5.499841601188932 3.8208268584975
6.03 5.3897651924128835 3.5366130280569
6.04 5.300818021703372 4.175336451445
6.05 5.353586627485134 3.5254835719203
6.06 5.764793248110646 4.0508490319992
6.07 4.888793423756181 6.1805633677972
6.08 4.038580932107507 3.9518509455962
6.09 4.493662965249799 3.3573888764145
6.1 5.010557212530299 3.4266488628468
6.11 4.819937704708603 4.555909987909
6.12 4.438764298058706 3.5398351781883
6.13 5.430286429562513 1.9694098996403
6.14 6.318813270135354 4.09409310974
6.15 5.617345634709285 5.6149403380676
6.16 4.837687639439963 4.8514562741697
6.17 4.613601921637818 4.5000135993904
6.18 5.077020424229355 3.3580194481635
6.19 5.640727446578792 4.5384277604112
6.2 5.0650317476162705 5.8928466695704
6.21 4.050900096982076 5.4944353968535
6.22 4.365936759164137 3.3994060798441
6.23 3.8864927226157238 6.2895952481542
6.24 3.5233194837321324 2.4258060100411
6.25 4.826479697793975 2.7487105124946
6.26 5.207911026165372 3.7737793184053
6.27 5.30874366902829 3.6328721378143
6.28 5.241602418604274 4.3843347284375
6.29 5.173044749590593 3.7139668715087
6.3 5.916068825380757 3.2294812465988
6.31 5.624551652315423 5.7927866460138
6.32 5.42702227470309 3.3409302683382
6.33 6.168451175436781 4.3999372201023
6.34 6.544195916819018 4.5761476272493
6.35 6.077064548213624 6.7553025819047
6.36 6.205757973199507 4.6203010421533
6.37 5.395544832360422 9.2708922095419
6.38 3.114232973232709 7.0002238894286
6.39 4.039521038900769 2.8695857023934
6.4 5.025500620355728 6.0532567843166
6.41 4.900490588925057 5.0058634871651
6.42 4.2480494057223455 7.2700500905688
6.43 4.091573417677333 3.9693762982971
6.44 4.85644082084314 5.5411025700653
6.45 4.589010519099895 5.8529963197523
6.46 4.000185159041597 6.1774908152711
6.47 4.17422147360051 4.2016025074866
6.48 5.321529901278514 4.5270471376282
6.49 4.711150505935924 7.6005253268893
6.5 4.054809972088286 4.8636995496925
6.51 4.845618813555007 5.0610674021359
6.52 5.211978431628719 5.8373243857022
6.53 4.809122057145711 7.1149300802907
6.54 4.065429056582839 6.8836197858115
6.55 3.8292069630981542 6.1907181781513
6.56 4.111085774411379 5.7975098170933
6.57 4.455066615850806 6.3466615976622
6.58 3.4648440263992293 8.4464573143364
6.59 2.419937462948316 6.1702245826303
6.6 3.0355030941418915 4.7761759225453
6.61 3.4331236279720887 5.7785216943436
6.62 3.7720651568808776 4.6913043009788
6.63 4.350137870130452 5.6169571722291
6.64 4.785020897618943 5.8150724376866
6.65 3.458572504938658 9.4952183464846
6.66 2.245238214461203 5.6228044341647
6.67 2.9372632974854866 5.5427065696524
6.68 3.1116110902618868 5.903027886006
6.69 2.7793633788490504 6.1733970701002
6.7 2.63351892814717 5.0527592993173
6.71 3.5223674001729757 3.8298568946528
6.72 4.592674675650894 4.8185345421253
6.73 4.6187024095585345 6.4843500615495
6.74 3.6106385715376623 7.2957535579249
6.75 4.163529899307814 4.2287578385046
6.76 4.382058759795072 8.3105415793285
6.77 3.3773001787194294 6.8932273602513
6.78 3.168693152026233 7.2736401629615
6.79 2.425861228934564 7.4141744286844
6.8 2.741691625495078 4.9448976373839
6.81 3.4899273706182194 6.3923201805195
6.82 3.8496745686323126 6.1988207711196
6.83 2.422380927188675 10.080653628201
6.84 1.0102550444652922 5.6625433159106
6.85 2.8768382937623134 3.587311136884
6.86 3.032024551435241 8.1514639973037
6.87 2.3841346544809885 5.1705601110255
6.88 2.832913947093441 6.2503536545839
6.89 3.2771858280678305 5.2230680792948
6.9 2.9328826933176453 7.933422841181
6.91 2.3727963921394517 5.6127167296418
6.92 3.5975076567238395 5.0883242250367
6.93 2.689848016447615 9.4900732261276
6.94 1.591668932729646 5.2591574798807
6.95 2.9437675760577857 4.6541778467905
6.96 4.17903893595188 5.5017316595875
6.97 3.711145773227857 8.6229595023059
6.98 3.14342819096164 6.8226488966652
6.99 2.2508922056640808 9.5144367341419
7.0 2.3058444513815965 5.1309319483986
7.01 2.6568066235623733 9.0511637337989
7.02 1.6188653384158493 7.5421193018916
7.03 1.774785773885269 6.9880279864856
7.04 2.0582951507065124 7.2711864703117
7.05 1.384203954231248 8.8197570477027
7.06 0.4614571804806683 7.5211128859589
7.07 0.3513858822003998 6.6001163928671
7.08 0.9151198213713149 5.3962905096449
7.09 1.8137114780327015 5.7157748713009
7.1 1.8306152262219606 7.261840797039
7.11 1.2569667917059548 7.1979201044393
7.12 1.1782468213768216 6.6273182841298
7.13 0.8430223274756552 7.5676204233928
7.14 -0.029128239500631883 6.9752342467449
7.15 0.9003964907749941 3.7756973041596
7.16 1.6018199195530827 6.9622527326756
7.17 1.5166500698323961 5.3080213051082
7.18 2.6487901283584834 5.821116172978
7.19 1.5882190369054905 10.181274691535
7.2 -0.4138987236766718 7.955459228011
7.21 -0.7423113808513322 6.5152020698259
7.22 -0.4878735212955894 5.451397297657
7.23 0.2825101849427388 4.5606283781226
7.24 1.1715950280095346 4.9424828058772
7.25 1.7029083307922845 5.7821314028837
7.26 0.6877588365905318 8.3352203456801
7.27 -0.3047003454435896 5.7427995060469
7.28 0.5330187173355031 4.7051686707536
7.29 0.5515662532407456 6.7273599392019
7.3 0.1270521893148569 5.2720476073304
7.31 0.5435638125623962 4.9329244604832
7.32 1.3967191518935833 4.4700463630199
7.33 1.5233111051459982 6.8360991725652
7.34 0.0439398543210657 7.6787513962149
7.35 -0.4202310658133758 4.6613765324746
7.36 0.7039043988510523 4.1313243642297
7.37 1.3525233311770366 5.3532960087446
7.38 0.7549950945860803 6.6885888739129
7.39 0.524478337586493 5.0178507597801
7.4 0.024453632829810255 6.7964063890283
7.41 0.20123259727996382 3.2287659674992
7.42 1.025616983796207 5.212006185568
7.43 1.0548040993778638 4.447835394705
7.44 1.2403756983302274 5.0248304852546
7.45 1.7886221609444506 3.9753527141954
7.46 2.2245417796478337 5.7679851132327
7.47 1.5268528360845677 6.4740907286049
7.48 1.6324340177319454 4.7852648417273
7.49 1.7836580889125395 6.5490605695367
7.5 1.9750623872294302 5.1918947728814
7.51 1.490877956526392 8.236743653738
7.52 0.8192717910000124 5.6958355550915
7.53 1.3681658918140533 6.2369547977275
7.54 0.8107123970910681 7.6321499151831
7.55 -0.28005506546035236 6.7887079367681
7.56 0.7781820133229921 3.2617168639538
7.57 1.8415703850820289 6.5545224896235
7.58 1.777149841734127 5.9372663957112
7.59 1.785584363033039 7.7291803821065
7.6 0.19459270342354695 9.4765525025605
7.61 -1.5685173573366176 7.5319465464873
7.62 -0.8642033715180988 3.5938464778096
7.63 1.5784846598313695 3.6195372292478
7.64 2.6138005829621918 7.2832047189535
7.65 -0.4413843620802451 12.283384096646
7.66 -2.3110530451249605 5.1854203008467
7.67 -1.3694834230642536 5.7463974907302
7.68 -0.9125328862454928 4.2973189547575
7.69 0.4327389666469498 3.7738655756935
7.7 0.4724226489897845 6.6351208795714
7.71 0.539783545135245 4.2011414993767
7.72 1.2128290735554594 6.2946829101406
7.73 -0.15923029537284705 8.0957615961006
7.74 -0.4719143565379788 4.365418119276
7.75 0.4703175402873734 5.4297580505714
7.76 0.6896034584711642 5.4804207844224
7.77 0.8786507766960897 5.843901510557
7.78 1.9135718477489088 5.0408312128008
7.79 0.7416661732197515 10.871873524746
7.8 -1.3122394969353945 6.9957018999117
7.81 -0.5201682952675925 5.5848097317466
7.82 -0.48103469061831516 7.7543342448982
7.83 -1.4696464373280826 7.1034525385257
7.84 -1.3936504798117866 5.3536413428357
7.85 -0.8258746327246194 5.5430323793035
7.86 -0.251401705293419 5.2513540126608
7.87 -0.44137481448529775 7.2139955253537
7.88 -0.9518727871550697 6.1042883782764
7.89 -0.866840784250664 6.3246438499944
7.9 -1.6829292819625952 7.324141287208
7.91 -1.237213078925187 3.8438143265734
7.92 -0.8916734470127812 7.3043383163426
7.93 -1.650610795947435 5.7007177613295
7.94 -1.6045897182330309 5.8011482731456
7.95 -1.9057300190223134 5.754955738327
7.96 -1.9015883752815699 4.6448260712226
7.97 -1.1556328558514988 4.0163330856997
7.98 -1.3789003358603775 5.9518325837085
7.99 -1.0762875282100195 2.9031743754062
8.0 -0.01735046432996601 4.7361833823549
8.01 -0.0932728803739515 5.4206029938431
8.02 -0.6222876854890581 6.2459117532115
8.03 -1.0479534971762419 5.4740375399734
8.04 -0.8954721025221759 5.2453153714019
8.05 -1.20760880574985 6.1617276790094
8.06 -1.3167423868697643 4.8363936446153
8.07 -1.6119368617631455 6.1914853211815
8.08 -1.7743600177590968 4.1134806970863
8.09 -1.4960782389339236 4.8043352162055
8.1 -1.1460489570838406 3.3731494127962
8.11 0.18372707238050262 3.1955056129138
8.12 0.5048438986492765 5.948541069788
8.13 -0.21036387417632468 6.257892379989
8.14 -1.1734554966164112 7.1665004256354
8.15 -2.0899950068115274 6.0631406198844
8.16 -2.4394676389452945 5.3724994886639
8.17 -2.250190288190167 4.0088811036591
8.18 -1.4037255822650412 3.4979681402628
8.19 -1.1186748577464642 4.7907667470061
8.2 -1.5408381454276108 4.6925267610994
8.21 -1.2949017575119737 3.4402966157769
8.22 -0.8098242384437987 3.9900956301366
8.23 -0.27315912441198514 3.4496760260306
8.24 0.36784038733021823 4.5801893687138
8.25 -0.6013241367922867 7.0509116468575
8.26 -1.2889747986970084 4.523654675161
8.27 -1.3044066712481157 5.6655373140548
8.28 -1.436067905766667 4.278599355075
8.29 -1.1307673764547048 4.6644762666323
8.3 -1.1564883826469279 4.6826445938233
8.31 -1.160960235962185 4.5715763766388
8.32 -0.9770884999084692 4.327097909428
8.33 -1.0534592099292233 4.9729887824963
8.34 -0.7058420425484613 3.7295164477216
8.35 -0.5609605419903876 5.6675165228344
8.36 -1.0946133438388324 5.3241597460616
8.37 -1.6056590150268832 5.7636763593737
8.38 -1.7888000833688171 4.478740194616
8.39 -1.8749895649071238 5.0932260652931
8.4 -1.7465334371225167 3.5780595790831
8.41 -1.0486538511609234 3.9093639405999
8.42 -0.8831515455488552 4.7504718022779
8.43 -1.3818836694951568 5.542289208754
8.44 -2.1675154810442363 5.2896020432311
8.45 -2.468733861953847 4.097170254485
8.46 -2.0372226319928637 3.1547830392403
8.47 -1.5817032965746203 3.3766396246551
8.48 -0.9781946625974756 2.718185774383
8.49 -0.4510060142471675 3.8239862142451
8.5 -0.19678523420918873 4.0803450939344
8.51 -1.4154132807333226 7.1008552742745
8.52 -2.5321829226851746 3.7802715053815
8.53 -2.067250018979309 3.5089391379891
8.54 -1.7964241659825981 3.1595835922266
8.55 -1.679155442754761 3.1266046680756
8.56 -0.9857826157636104 1.7065017097354
8.57 -0.2438944781924754 2.8979752416009
8.58 0.533878847114054 2.1771839218599
8.59 0.519256989933865 5.1959113357409
8.6 0.11195111616997398 3.7564783432642
8.61 0.5999172916164155 4.6674194703749
8.62 -0.7109065556841735 7.5325269286292
8.63 -1.7469624730929632 4.3402067259139
8.64 -1.569059323611922 4.8771295660124
8.65 -1.8289565776247672 4.2789779087826
8.66 -1.5348691293442325 3.3602605952596
8.67 -1.2958990501719567 3.888552453453
8.68 -0.9553448071090692 3.0325708036415
8.69 -0.8828453843771047 4.3755203799906
8.7 -0.8944555471224894 3.291466488943
8.71 -0.9120006253370426 4.4626603392483
8.72 -1.3372321516810073 3.7763528193047
8.73 -0.996143474812904 2.7548354458573
8.74 -0.2220081142352191 2.8062007675743
8.75 0.15716900410281215 3.8088497919502
8.76 -0.47505029303745916 5.0317821149986
8.77 -0.7028984168626546 3.2364841910885
8.78 -0.3485053072347141 3.7800978606083
8.79 0.3600776424974683 2.6990212511824
8.8 0.6124813195433536 5.2189539676118
8.81 0.041163912339365255 4.9795486813105
8.82 -0.6357555613379277 5.9051049666564
8.83 -1.0801211169861757 4.4617633792222
8.84 -0.9507368047488814 4.5492597775055
8.85 -0.9213194361140647 4.2859401623561
8.86 -0.9392116952072871 4.4012625347585
8.87 -0.6003352116093426 3.5970728402473
8.88 -0.48056066398921127 4.9261551095024
8.89 -1.0433223197931356 4.8701570641965
8.9 -0.8234035985991728 3.6161579721799
8.91 -1.114287636762733 5.515999264373
8.92 -1.2126028719595894 2.988422247231
8.93 -0.6076634613615681 4.0750444601615
8.94 -0.7102226140468965 4.1136402543962
8.95 -0.9944054702204499 4.2540900371032
8.96 -0.36600760917837627 2.27524227832
8.97 0.93960251562601 3.4962624514041
8.98 0.18255892649171462 6.8005181974016
8.99 -1.372351042069757 5.3716120939352
9.0 -1.0896879478631767 3.1970638774395
9.01 -0.6387737796812503 4.3065789224009
9.02 -0.46790197982000614 3.2697254631386
9.03 0.4298372954047494 3.1332794812173
9.04 0.7123095164243723 4.7724334838479
9.05 0.7869576994968438 4.3544734507576
9.06 0.6885415660770307 5.9791474921889
9.07 0.3131839529876306 5.6702192028756
9.08 -0.25060076130130876 6.9400624774052
9.09 -1.2512354505366088 6.4665825554133
9.1 -1.4632277337272703 5.0659319954693
9.11 -0.695889518278231 4.3001811963449
9.12 -0.7959588013770535 6.4814900133097
9.13 -1.1794036702881532 4.9492335243304
9.14 -1.0297663259533112 5.6764903790279
9.15 -1.7109247141405215 6.1941339973636
9.16 -1.9790271537237918 4.4821133167742
9.17 -1.1425860236988314 3.7629430781515
9.18 -0.8968582359366549 5.3412919224166
9.19 -1.0223947328375276 4.6565606867654
9.2 -1.2751362350673576 5.6362176517106
9.21 -1.0579626292157236 3.778431989004
9.22 -0.6604613041208542 5.4286116421005
9.23 -1.1326879204504745 5.4345691289442
9.24 -1.1179764127011214 4.6969051830831
9.25 -0.8221244333578513 4.9789654748872
9.26 -1.330604420735513 5.9614936822015
9.27 -0.38613348160246524 2.6604897962677
9.28 0.2681287002340162 7.2549729643487
9.29 -1.392051061974466 7.6792144588255
9.3 -2.9256073221234415 7.1262415583374
9.31 -3.0671389181469535 3.9452537850008
9.32 -1.5918560609208947 3.024220971042
9.33 -0.5596683358041074 4.4642329384275
9.34 -0.6073714727306773 5.6424897235159
9.35 -0.9209232872818266 5.8730331971081
9.36 -1.630809533671961 6.7974829908854
9.37 -2.1665883467241875 5.4321407430007
9.38 -1.5638608757487482 4.5588309218953
9.39 -1.1973936967787406 6.0109813147308
9.4 -2.3328860491332937 7.485380811568
9.41 -3.346256312954615 5.4243889064136
9.42 -2.836803019934748 3.7282970178973
9.43 -1.3992002733751738 3.1817049558215
9.44 -1.6193700383543421 6.7090942964912
9.45 -2.321216966798501 4.1769963020827
9.46 -1.6404148314897502 4.1255691707934
9.47 -0.8363653739380563 4.0230852324922
9.48 -1.1752989465092083 6.6648747096661
9.49 -2.0567092880538653 5.2019698701415
9.5 -1.5977161572925729 4.0711782051957
9.51 -0.4103359212156804 3.9163403601333
9.52 0.011634787247691465 6.3609179979782
9.53 -1.3456099378805997 8.0665720273723
9.54 -1.5535369803312646 5.0422291165874
9.55 -1.5061743750431817 7.8569751186374
9.56 -2.369696628158045 6.7635858005125
9.57 -2.5297632509820076 6.7356727768444
9.58 -3.078036792049877 7.118807797535
9.59 -3.476112362407157 5.9410876109643
9.6 -2.9847382843744374 5.0470389699411
9.61 -2.9502214744144046 6.4249168527597
9.62 -3.5855743120920076 5.9299772892379
9.63 -3.5906323749260034 4.7134278495978
9.64 -2.6940141057444706 3.7637137072674
9.65 -2.4038269254098523 5.5333887244398
9.66 -2.2759516643927515 4.1575167677545
9.67 -1.376098963111769 4.6697254958758
9.68 -1.4372833973207708 6.5656548034462
9.69 -1.7601911250917721 6.0892597597174
9.7 -1.8289341342261682 6.9993026171593
9.71 -2.5622198085889294 7.8863118080379
9.72 -3.60195605580009 7.660607012645
9.73 -3.296553126915722 5.39474742463
9.74 -3.27157033986584 8.0686882159051
9.75 -4.261750440193634 7.1806939485221
9.76 -5.001467980615808 7.1100994194239
9.77 -4.318762981533604 3.8711696043591
9.78 -3.369712098527943 6.4231334365451
9.79 -4.218431521306417 7.2590662009346
9.8 -4.808361484774641 6.1219762641093
9.81 -4.572996624246114 5.5082592487571
9.82 -4.321140394817068 5.9588811377506
9.83 -4.832349602732835 6.9351417416408
9.84 -5.473563941317428 6.1121221841363
9.85 -6.07088458368925 6.1175621481367
9.86 -5.440810018609853 3.100779696942
9.87 -4.826235905263369 5.6206500465748
9.88 -5.1645047312266605 4.6305316173688
9.89 -5.141062145258178 4.9335728593368
9.9 -4.999515714570708 4.1721470635934
9.91 -4.678771546009372 4.570461382789
9.92 -4.737482487058196 4.9255613288301
9.93 -4.792747671424415 4.7631825522945
9.94 -4.903275639437986 5.1551679165199
9.95 -5.143782812238422 5.0226718536816
9.96 -5.171273472535117 4.7704501609891
9.97 -5.150858787956074 4.9855548853225
9.98 -5.6802722886883155 5.7080446566095
9.99 -6.049044374113443 4.462063290147
10.0 -5.818347226224729 4.293402654558
10.01 -5.85212771791724 4.6764713975311
10.02 -6.67190433614242 5.2408771802541
10.03 -6.517031942194524 2.2778009735718
10.04 -5.572648549304374 3.2942251657402
10.05 -5.7987050650469545 4.0763968941981
10.06 -5.7203617082458535 2.8350908576855
10.07 -5.4971616023840895 3.8205114705935
10.08 -5.646510253193829 3.5324860336295
10.09 -5.572828761715329 3.6306049087869
10.1 -6.091884939156749 4.5536808831085
10.11 -6.379537933213797 3.0047103321422
10.12 -6.097964361949928 3.2200496242628
10.13 -6.222697709964502 3.4228668814023
10.14 -6.523288827333302 3.2508904446271
10.15 -6.189280809051752 2.0918520595493
10.16 -6.4515134923650574 4.033359949052
10.17 -7.038522340229213 2.2401489864655
10.18 -6.912463009751665 2.0295020002698
10.19 -6.454530284243147 0.78632195219864
10.2 -5.736514386896728 1.1634033529062
10.21 -5.562893281616935 1.7088195005374
10.22 -5.534133708490337 1.5940549196044
10.23 -5.286144628636845 1.5546397790491
10.24 -5.271184993821878 2.3480320191455
10.25 -6.126997321894481 3.1770161982275
10.26 -6.425045975607266 1.0178786285977
10.27 -5.927261039459659 1.1623115258434
10.28 -5.748520599773848 1.1180165250729
10.29 -5.665134894988252 1.1923606220117
10.3 -5.866100573175068 1.3581009575834
10.31 -5.646950321301303 0.10111446590948
10.32 -4.970256921922657 0.38750572529775
10.33 -5.084856947775919 1.5119289382165
10.34 -5.271567906092616 0.57962000397092
10.35 -4.977874512338116 0.58818867748029
10.36 -4.785397310453036 0.69374503028754
10.37 -4.746242346274219 0.95883384583596
10.38 -4.774603212619606 0.92726238810433
10.39 -4.77353592296699 0.98892398610842
10.4 -4.959706981041777 1.1976639855803
10.41 -4.843847197792709 0.36065918430647
10.42 -4.619370104245977 0.96320118858264
10.43 -4.755319273887344 1.0369111927741
10.44 -4.917350584120624 1.0423760253998
10.45 -5.093645511614843 0.87438027846384
10.46 -5.042010296251342 0.33079353521603
10.47 -4.878220449074512 0.34455394815283
10.48 -4.7021968488403765 0.079318444530904
10.49 -4.50005696235657 0.21610900112397
10.5 -4.445437426444032 0.33775389268703
10.51 -4.4642403516658655 0.3489006644088
10.52 -4.368744458833705 0.1122845741521
10.53 -4.253336297296765 0.30591576756443
10.54 -4.25631519362561 0.36070306189613
10.55 -4.39741938011875 0.52983188941164
10.56 -4.413363886336158 0.0032388066917661
10.57 -4.229867687406376 9.3186739186708e-09
10.58 -4.117304191266198 0.0
10.59 -4.024204125256811 0.0
10.6 -3.931495762449659 2.3276024218942002e-10
10.61 -3.8029937820016273 0.00044539053936853
10.62 -3.8259615972046928 0.35525268180526
10.63 -3.958308002962221 0.22134633646096
10.64 -3.924296259722707 0.00010835475060081
10.65 -3.8249624625038035 2.2191442388671e-11
10.66 -3.7607198654541016 0.0
10.67 -3.7080653861291704 0.0
10.68 -3.6613529754833594 0.0
10.69 -3.6184162489549947 0.0
10.7 -3.5781989305961375 0.0
10.71 -3.540101561765879 0.0
10.72 -3.503745758132155 0.0
10.73 -3.468873176305351 0.0
10.74 -3.4352965758880702 0.0
10.75 -3.4028738099206994 0.0
10.76 -3.3714929488665804 0.0
10.77 -3.341063248682493 0.0
10.78 -3.3115093878898776 0.0
10.79 -3.2827676329148483 0.0
10.8 -3.2547831932950366 0.0
10.81 -3.227508340159887 0.0
10.82 -3.2009010311438035 0.0
10.83 -3.1749238814215404 0.0
10.84 -3.1495433775773805 0.0
10.85 -3.124729265856714 0.0
10.86 -3.100454068277919 0.0
10.87 -3.076692694262563 0.0
10.88 -3.0534221248350657 0.0
10.89 -3.030621152803444 0.0
10.9 -3.0082701667259815 0.0
10.91 -2.986350969559394 0.0
10.92 -2.9648466250945185 0.0
10.93 -2.943741326891399 0.0
10.94 -2.92302028560863 0.0
10.95 -2.902669631504726 0.0
10.96 -2.8826763295566957 0.0
10.97 -2.8630281051505015 0.0
10.98 -2.8437133786920064 0.0
10.99 -2.8247212077937545 0.0
11.0 -2.806041235934641 0.0
11.01 -2.787663646681092 0.0
11.02 -2.7695791227118196 0.0
11.03 -2.7517788090118525 0.0
11.04 -2.734254279701814 0.0
11.05 -2.716997508050578 0.0
11.06 -2.7000008392866914 0.0
11.07 -2.6832569658798775 0.0
11.08 -2.666758905010268 0.0
11.09 -2.650499977981821 0.0
11.1 -2.634473791369033 0.0
11.11 -2.618674219713467 0.0
11.12 -2.6030953896101625 0.0
11.13 -2.5877316650436906 0.0
11.14 -2.5725776338507607 0.0
11.15 -2.5576280952008306 0.0
11.16 -2.5428780479987974 0.0
11.17 -2.528322680124708 0.0
11.18 -2.5139573584348467 0.0
11.19 -2.4997776194568875 0.0
11.2 -2.485779160718768 0.0
11.21 -2.4719578326575475 0.0
11.22 -2.458309631059661 0.0
11.23 -2.4448306899891126 0.0
11.24 -2.4315172751643575 0.0
11.25 -2.418365777748408 0.0
11.26 -2.405372708520028 0.0
11.27 -2.392534692396986 0.0
11.28 -2.37984846328489 0.0
11.29 -2.367310859227587 0.0
11.3 -2.3549188178371887 0.0
11.31 -2.342669371983759 0.0
11.32 -2.3305596457263045 0.0
11.33 -2.3185868504684244 0.0
11.34 -2.3067482813231805 0.0
11.35 -2.2950413136731393 0.0
11.36 -2.283463399912622 0.0
11.37 -2.27201206636024 0.0
11.38 -2.260684910330703 0.0
11.39 -2.249479597355771 0.0
11.4 -2.238393858545006 0.0
11.41 -2.227425488077598 0.0
11.42 -2.2165723408172706 0.0
11.43 -2.2058323300428824 0.0
11.44 -2.1952034252876858 0.0
11.45 -2.1846836502809923 0.0
11.46 -2.1742710809861823 0.0
11.47 -2.1639638437295323 0.0
11.48 -2.153760113414728 0.0
11.49 -2.1436581118182096 0.0
11.5 -2.1336561059609047 0.0
11.51 -2.1237524065520756 0.0
11.52 -2.113945366501446 0.0
11.53 -2.104233379495911 0.0
11.54 -2.0946148786373495 0.0
11.55 -2.085088335138396 0.0
11.56 -2.0756522570731297 0.0
11.57 -2.066305188179824 0.0
11.58 -2.057045706713146 0.0
11.59 -2.047872424343276 0.0
11.6 -2.0387839850996525 0.0
11.61 -2.0297790643570592 0.0
11.62 -2.020856367862049 0.0
11.63 -2.0120146307977143 0.0
11.64 -2.003252616884982 0.0
11.65 -1.994569117518662 0.0
11.66 -1.985962950936615 0.0
11.67 -1.9774329614205828 0.0
11.68 -1.9689780185270271 0.0
11.69 -1.9605970163468065 0.0
11.7 -1.9522888727922296 0.0
11.71 -1.9440525289103259 0.0
11.72 -1.9358869482211425 0.0
11.73 -1.9277911160799364 0.0
11.74 -1.9197640390622648 0.0
11.75 -1.9118047443709192 0.0
11.76 -1.9039122792637864 0.0
11.77 -1.8960857105017457 0.0
11.78 -1.888324123815736 0.0
11.79 -1.8806266233922024 0.0
11.8 -1.8729923313761045 0.0
11.81 -1.8654203873908495 0.0
11.82 -1.8579099480743535 0.0
11.83 -1.8504601866306305 0.0
11.84 -1.8430702923962863 0.0
11.85 -1.83573947042125 0.0
11.86 -1.8284669410632708 0.0
11.87 -1.8212519395955715 0.0
11.88 -1.8140937158271184 0.0
11.89 -1.8069915337351123 0.0
11.9 -1.7999446711091258 0.0
11.91 -1.792952419206465 0.0
11.92 -1.7860140824184045 0.0
11.93 -1.7791289779467347 0.0
11.94 -1.772296435490395 0.0
11.95 -1.7655157969416715 0.0
11.96 -1.7587864160917226 0.0
11.97 -1.7521076583450002 0.0
11.98 -1.7454789004422877 0.0
11.99 -1.738899530192038 0.0
12.0 -1.7323689462096774 0.0
12.01 -1.7258865576646407 0.0
12.02 -1.7194517840348102 0.0
12.03 -1.7130640548681524 0.0
12.04 -1.7067228095512246 0.0
12.05 -1.7004274970843847 0.0
12.06 -1.6941775758634383 0.0
12.07 -1.6879725134674732 0.0
12.08 -1.681811786452735 0.0
12.09 -1.6756948801522709 0.0
12.1 -1.6696212884811876 0.0
12.11 -1.663590513747325 0.0
12.12 -1.6576020664671405 0.0
12.13 -1.6516554651866744 0.0
12.14 -1.6457502363073953 0.0
12.15 -1.6398859139167594 0.0
12.16 -1.6340620396233634 0.0
12.17 -1.628278162396515 0.0
12.18 -1.6225338384100731 0.0
12.19 -1.6168286308904531 0.0
12.2 -1.6111621099686295 0.0
12.21 -1.605533852536015 0.0
12.22 -1.5999434421041352 0.0
12.23 -1.5943904686678834 0.0
12.24 -1.5888745285723753 0.0
12.25 -1.583395224383176 0.0
12.26 -1.577952164759855 0.0
12.27 -1.5725449643327607 0.0
12.28 -1.567173243582882 0.0
12.29 -1.561836628724764 0.0
12.3 -1.5565347515923242 0.0
12.31 -1.5512672495275353 0.0
12.32 -1.5460337652718084 0.0
12.33 -1.540833946860126 0.0
12.34 -1.5356674475177026 0.0
12.35 -1.5305339255592008 0.0
12.36 -1.5254330442903683 0.0
12.37 -1.5203644719120604 0.0
12.38 -1.5153278814265654 0.0
12.39 -1.5103229505461553 0.0
12.4 -1.505349361603826 0.0
