K-Path Generated by VASPKIT.
   20
Line-Mode
Reciprocal
   0.0000000000   0.0000000000   0.0000000000     GAMMA          
   0.0000000000   0.5000000000   0.0000000000     Z              
 
   0.0000000000   0.5000000000   0.0000000000     Z              
   0.0000000000   0.5000000000   0.5000000000     D              
 
   0.0000000000   0.5000000000   0.5000000000     D              
   0.0000000000   0.0000000000   0.5000000000     B              
 
   0.0000000000   0.0000000000   0.5000000000     B              
   0.0000000000   0.0000000000   0.0000000000     GAMMA          
 
   0.0000000000   0.0000000000   0.0000000000     GAMMA          
  -0.5000000000   0.0000000000   0.5000000000     A              
 
  -0.5000000000   0.0000000000   0.5000000000     A              
  -0.5000000000   0.5000000000   0.5000000000     E              
 
  -0.5000000000   0.5000000000   0.5000000000     E              
   0.0000000000   0.5000000000   0.0000000000     Z              
 
   0.0000000000   0.5000000000   0.0000000000     Z              
  -0.5000000000   0.5000000000   0.0000000000     C_2            
 
  -0.5000000000   0.5000000000   0.0000000000     C_2            
  -0.5000000000   0.0000000000   0.0000000000     Y_2            
 
  -0.5000000000   0.0000000000   0.0000000000     Y_2            
   0.0000000000   0.0000000000   0.0000000000     GAMMA          
 
